1	2
1	3
1	6
1	7
1	10
1	12
1	13
1	16
1	17
1	18
1	24
1	26
1	28
1	29
2	3
2	6
2	7
2	11
2	16
2	18
2	20
2	34
2	35
2	36
2	38
3	4
3	7
3	8
3	9
3	16
3	20
3	22
3	23
3	28
3	41
3	47
3	48
3	50
3	51
3	53
3	54
3	55
4	1
4	2
4	11
4	46
4	58
4	61
4	62
4	64
4	65
4	66
4	68
4	69
4	70
4	72
5	1
5	13
5	74
5	75
5	76
5	77
5	78
5	79
6	3
6	5
6	7
6	8
6	16
6	18
6	28
6	34
6	81
6	82
6	85
6	86
6	87
7	10
7	15
7	76
7	88
7	89
7	91
7	93
7	94
7	96
7	97
7	98
7	99
7	100
8	1
8	2
8	28
8	102
9	1
9	2
9	7
9	13
9	16
9	22
9	24
9	30
9	41
9	103
9	104
9	106
10	2
10	9
10	24
10	34
10	109
10	110
10	111
10	112
10	115
10	117
10	120
10	124
10	126
10	128
10	129
10	130
11	1
11	3
11	18
11	19
11	20
11	22
11	25
11	27
11	45
11	73
11	132
11	136
11	137
12	3
12	139
12	141
12	142
12	143
12	144
12	146
12	150
12	153
13	2
13	3
13	6
13	7
13	16
13	22
13	24
13	28
13	69
13	76
13	154
13	155
13	160
14	1
14	13
14	15
14	16
14	34
14	80
14	110
14	112
14	123
14	124
14	136
14	162
14	165
14	166
14	170
14	174
14	175
14	176
14	177
14	181
15	1
15	23
15	33
15	34
15	93
15	168
15	185
15	186
15	187
16	7
16	10
16	33
16	56
16	108
16	123
16	192
16	193
16	194
16	196
16	198
16	199
16	201
16	203
16	204
16	207
16	209
16	211
16	214
16	216
16	220
16	221
16	222
17	34
17	115
17	223
17	225
18	3
18	13
18	19
18	23
18	27
18	39
19	1
19	2
19	3
19	7
19	20
19	70
19	86
19	120
19	137
19	186
19	230
19	231
19	232
19	236
19	237
19	239
20	1
20	22
20	41
20	43
20	241
20	242
20	243
21	1
21	3
21	9
21	18
21	39
21	41
21	47
21	50
21	55
21	59
21	91
21	206
21	210
21	214
21	223
21	252
21	253
21	259
21	261
22	1
22	2
22	4
22	6
22	7
22	8
22	18
22	27
23	1
23	21
23	38
23	46
23	50
23	143
23	240
23	255
23	262
23	263
23	264
23	265
23	266
23	268
23	269
23	271
23	275
23	277
23	278
23	282
23	283
24	2
24	14
24	16
24	17
24	30
24	33
24	108
24	109
24	112
24	119
24	167
24	174
24	176
24	285
24	287
24	289
24	294
24	295
24	296
24	297
25	1
25	18
25	21
25	23
25	26
25	39
25	60
25	301
25	302
25	303
26	18
27	1
27	3
27	6
27	19
27	38
27	70
27	86
27	95
27	235
27	238
27	275
27	305
27	307
28	7
28	34
29	147
29	310
29	312
29	314
30	1
30	10
30	16
30	34
30	49
30	194
30	200
30	201
30	211
30	321
30	324
30	327
31	1
31	45
31	104
31	157
31	241
31	251
31	330
31	334
31	335
31	338
31	340
32	2
32	22
33	2
33	14
33	120
34	3
34	16
34	24
34	33
34	108
34	308
34	343
37	2
38	18
38	19
38	22
38	51
38	231
38	237
38	241
38	254
38	270
38	275
38	330
38	345
38	346
38	347
38	348
38	350
38	351
39	3
39	23
39	52
39	227
39	240
39	246
39	313
39	314
39	332
39	355
39	358
40	3
40	21
40	42
40	46
40	47
40	49
40	55
40	56
40	58
40	203
40	268
40	293
40	336
40	354
40	355
40	361
40	364
40	365
40	367
41	19
41	39
41	50
41	103
41	106
41	135
41	235
41	246
41	260
41	262
41	355
41	358
41	368
41	369
41	372
41	373
41	375
41	379
42	3
42	23
42	39
42	84
42	104
42	134
42	157
42	271
42	303
42	332
42	333
42	335
42	337
42	354
42	355
42	356
42	378
42	381
42	383
42	384
42	385
42	387
42	388
42	389
42	392
42	394
42	395
42	399
42	400
42	401
42	402
42	403
42	404
43	3
43	23
43	39
43	230
43	240
44	3
44	23
44	42
44	52
44	341
44	383
44	407
44	408
44	412
44	414
45	3
45	13
45	23
45	39
45	42
45	50
45	133
45	191
45	251
45	333
45	355
45	362
45	399
45	415
45	420
45	421
45	424
45	425
46	3
46	21
46	39
46	41
46	43
46	48
46	57
46	58
46	62
46	64
46	66
46	68
46	81
46	246
46	282
46	430
46	431
46	432
47	41
47	337
48	41
49	3
49	54
49	128
49	202
49	241
49	274
49	317
49	321
49	327
49	328
49	344
49	361
49	390
49	438
49	439
49	441
50	20
50	39
50	42
50	52
50	191
50	241
50	314
50	338
50	367
50	404
50	443
51	41
51	54
51	56
51	105
51	257
51	269
51	278
51	340
51	353
51	366
51	446
51	450
52	3
52	46
52	81
52	128
52	133
52	157
52	182
52	241
52	254
52	269
52	287
52	316
52	333
52	362
52	365
52	367
52	402
52	413
52	452
52	453
52	454
52	456
52	457
52	458
52	459
52	461
53	72
54	21
54	23
54	31
54	40
54	41
54	45
54	76
54	185
54	189
54	191
54	316
54	329
54	333
54	378
54	462
54	464
54	465
54	466
55	34
55	49
55	56
55	128
55	201
55	324
55	360
55	469
56	3
56	49
56	194
56	196
56	201
56	202
56	210
56	289
56	293
56	332
56	360
56	364
56	390
56	392
56	470
56	471
56	473
57	4
57	58
57	65
57	69
57	72
57	282
57	373
57	476
57	477
57	480
57	484
58	24
58	66
58	67
58	72
58	112
58	206
58	255
58	282
58	286
58	351
58	373
58	426
58	439
58	491
58	492
58	493
58	495
59	4
59	46
59	57
59	58
59	62
59	69
59	71
59	72
59	426
59	496
59	497
59	499
60	4
61	64
61	132
61	485
61	500
61	501
62	25
62	41
62	57
62	58
62	63
62	64
62	71
62	72
62	140
62	145
62	150
62	267
62	371
62	373
62	476
63	4
63	71
63	427
63	476
63	506
64	57
64	58
64	59
64	68
64	72
64	90
64	282
64	483
65	64
65	68
65	430
65	477
65	485
65	510
65	512
65	513
65	514
66	57
66	59
66	62
66	69
66	72
66	368
66	426
66	515
67	4
67	62
67	238
67	485
67	518
67	519
68	61
68	69
68	90
68	470
68	485
68	520
69	46
69	58
69	64
69	362
69	432
69	444
69	466
69	506
69	509
69	521
69	522
69	526
69	528
69	529
70	10
70	24
70	34
70	82
70	117
70	169
70	170
70	280
70	355
70	444
70	492
70	495
70	532
71	4
71	46
71	66
71	134
71	427
71	508
71	511
72	46
72	69
72	140
72	268
72	285
72	339
72	353
72	356
72	455
72	500
72	507
72	536
72	537
72	538
72	539
72	540
72	541
73	5
73	45
73	133
73	260
73	270
73	413
73	422
73	543
73	546
73	548
74	101
74	128
74	186
74	194
74	196
74	254
74	549
74	551
74	553
74	554
75	468
75	556
75	558
75	560
76	15
76	49
76	80
76	84
76	105
76	147
76	150
76	183
76	186
76	187
76	189
76	233
76	267
76	316
76	352
76	462
76	467
76	553
76	562
76	564
76	565
76	566
76	567
76	568
76	569
76	571
76	572
77	16
77	56
77	196
77	323
78	120
78	162
78	181
78	183
78	197
78	333
78	575
79	49
79	128
79	133
79	136
79	201
79	336
80	6
80	23
80	85
80	105
80	116
80	120
80	127
80	161
80	184
80	274
80	577
80	580
80	581
81	20
81	50
81	134
81	155
81	308
81	460
81	554
82	19
82	94
82	176
82	182
82	269
82	275
82	301
82	306
82	405
82	520
82	588
82	589
83	6
83	143
84	6
84	12
84	141
84	143
84	146
84	150
84	153
84	354
84	573
85	128
85	130
85	193
85	198
85	219
85	291
85	327
85	328
85	401
85	592
86	94
86	429
86	454
86	597
87	41
87	54
87	134
87	183
88	198
88	259
88	518
88	600
89	73
89	602
90	7
90	65
90	69
90	282
90	285
90	427
90	430
90	604
90	606
90	607
90	610
91	369
91	614
91	615
92	7
92	49
92	88
92	157
92	201
92	259
92	618
93	89
93	189
93	454
93	465
93	603
93	621
93	623
93	625
93	626
93	627
93	628
94	41
94	81
94	131
94	137
94	237
94	351
94	376
94	606
94	631
94	633
95	7
95	86
95	632
96	610
96	612
97	23
98	598
98	635
98	636
99	94
99	189
99	602
100	96
100	598
101	8
101	128
101	132
101	265
101	271
101	404
101	468
101	637
102	339
102	370
103	21
104	21
104	47
104	154
104	327
105	9
105	16
105	21
105	39
105	40
105	42
105	49
105	55
105	56
105	79
105	104
105	183
105	198
105	200
105	202
105	204
105	210
105	214
105	218
105	227
105	251
105	274
105	307
105	333
105	335
105	361
105	378
105	400
105	439
105	472
105	578
105	596
105	641
105	642
105	646
105	647
105	648
106	13
106	20
106	134
106	268
106	339
106	391
106	415
106	452
106	458
106	538
106	588
106	652
106	653
106	654
106	659
106	661
106	663
106	665
107	9
107	14
107	21
107	39
107	58
107	182
107	196
107	200
107	206
107	263
107	666
107	668
108	10
108	70
110	24
110	124
110	532
112	120
112	271
112	280
113	10
113	78
113	82
113	120
113	124
113	134
113	168
113	532
113	672
114	10
114	112
114	117
114	179
114	569
115	24
115	287
115	454
115	668
115	673
115	674
116	10
116	24
116	49
116	105
116	127
116	128
116	201
116	205
116	206
116	213
116	214
116	215
116	289
116	305
116	307
116	390
116	439
116	446
116	468
116	470
116	593
116	642
117	76
117	110
117	167
117	185
117	569
117	682
118	10
118	93
118	517
118	629
119	10
119	76
119	110
119	117
119	169
119	569
120	24
120	108
120	117
120	161
120	168
120	169
120	172
120	176
120	178
120	181
120	182
120	563
120	569
120	669
120	685
121	10
121	24
121	78
121	163
121	168
121	178
122	10
122	252
122	290
122	329
122	331
122	355
122	686
122	687
122	688
122	689
123	10
124	15
124	24
124	54
124	58
124	76
124	117
124	119
124	176
124	690
125	10
125	137
125	255
125	692
125	693
125	694
126	25
127	10
127	16
127	219
127	446
127	594
127	647
127	648
127	649
127	695
127	696
128	56
128	104
128	105
128	107
128	137
128	182
128	201
128	207
128	243
128	303
128	305
128	321
128	439
128	680
129	16
129	105
129	200
130	194
130	205
130	401
130	468
130	672
130	699
131	11
131	134
131	135
131	137
131	234
131	297
131	460
131	611
131	677
131	700
131	702
131	703
132	259
132	331
132	501
132	547
132	617
132	638
133	11
133	56
133	117
133	234
133	446
133	475
133	565
134	11
134	23
134	41
134	74
134	133
134	155
134	227
134	254
134	351
134	377
134	418
134	607
134	663
134	691
134	705
134	706
134	708
134	709
135	11
135	23
135	44
135	52
135	99
135	104
135	117
135	134
135	148
135	184
135	227
135	311
135	332
135	340
135	367
135	394
135	397
135	431
135	467
135	480
135	504
135	545
135	693
135	713
135	714
136	302
136	565
136	576
136	612
136	682
136	717
136	718
137	106
137	138
137	182
137	233
137	238
137	239
137	243
137	269
137	321
137	332
137	420
137	452
137	459
137	554
137	588
137	711
138	11
140	12
140	84
140	134
140	142
140	143
140	147
140	148
140	150
140	267
140	329
140	396
140	573
140	649
140	719
140	721
141	142
141	719
142	143
142	148
142	152
142	332
142	355
142	404
142	504
142	649
142	723
142	724
143	147
143	276
143	381
143	396
143	411
143	413
143	590
143	591
143	723
143	725
143	726
143	727
143	728
143	731
144	387
144	559
144	733
144	734
145	12
145	140
145	237
145	267
145	354
145	371
145	372
145	573
145	736
146	52
146	139
146	140
146	141
146	142
146	143
146	145
146	147
146	148
146	149
146	150
146	229
146	316
146	428
146	505
146	573
147	12
147	77
147	139
147	142
147	150
147	152
147	314
147	507
147	573
147	720
147	739
148	12
148	75
148	378
148	719
149	12
149	140
149	152
149	185
149	371
149	505
149	573
149	692
149	721
150	63
150	142
150	145
150	149
150	183
150	354
150	573
150	578
151	12
152	12
152	75
152	84
152	140
152	141
152	145
152	146
152	148
152	150
152	243
152	267
152	300
152	371
152	557
152	573
152	723
153	13
153	356
153	412
153	591
153	743
153	745
153	748
154	218
155	131
155	135
155	344
155	346
155	375
155	378
155	415
155	445
155	585
156	13
156	268
156	662
156	687
157	13
157	21
157	40
157	332
157	741
157	749
158	13
158	391
158	395
158	752
158	753
159	13
160	757
160	759
161	14
161	78
161	117
161	190
161	584
162	113
162	176
162	197
162	198
162	327
162	699
163	14
163	112
163	113
163	120
163	322
163	633
163	760
164	14
164	167
164	168
164	173
164	271
165	112
165	120
165	121
165	164
165	166
165	167
165	168
165	172
165	174
165	563
166	120
166	121
166	182
166	492
167	14
167	112
167	532
168	14
168	24
168	112
168	166
168	237
168	532
168	563
169	14
169	33
169	121
170	112
170	120
170	490
171	14
171	584
172	14
172	121
172	563
173	14
174	120
174	121
176	78
176	80
176	113
176	181
176	196
176	197
176	198
176	584
177	182
178	14
178	30
178	166
179	14
179	112
179	120
179	280
179	669
180	14
180	82
181	112
181	113
181	314
182	14
182	23
182	24
182	28
182	34
182	70
182	110
182	125
182	176
182	231
182	237
182	241
182	292
182	563
183	15
183	54
183	124
183	147
183	158
183	161
183	185
183	187
183	189
183	341
183	359
183	381
183	384
183	602
183	604
183	625
183	724
183	726
183	764
183	765
183	766
184	15
184	189
184	191
184	269
185	49
185	62
185	76
185	145
185	146
185	152
185	161
185	184
185	300
185	329
185	331
185	354
185	364
185	559
185	569
185	573
185	578
185	767
186	27
186	414
186	580
186	638
186	639
187	54
187	396
187	567
188	15
188	455
188	467
188	588
188	654
188	663
188	769
188	771
189	15
189	191
189	578
190	15
190	76
190	183
190	185
190	566
190	567
191	15
191	41
191	93
191	183
191	464
191	622
192	58
192	248
192	446
192	775
193	88
193	196
193	212
193	215
193	222
193	328
193	361
193	363
193	401
193	446
193	518
193	592
193	594
193	599
193	600
193	601
194	41
194	80
194	116
194	128
194	196
194	204
194	210
194	263
194	293
194	317
194	325
194	361
194	390
194	400
194	439
195	16
195	255
195	671
195	694
195	778
196	23
196	30
196	101
196	105
196	128
196	135
196	162
196	220
196	237
196	317
196	327
196	333
196	364
196	446
196	777
197	16
197	181
197	196
197	204
197	390
197	780
198	116
198	215
198	222
198	327
198	401
198	512
198	584
198	629
198	642
198	698
198	780
199	127
199	215
199	216
199	218
199	221
199	286
199	687
199	725
199	785
200	16
200	205
200	259
200	333
200	470
200	596
200	617
200	641
200	642
200	646
200	647
200	692
200	788
201	49
201	82
201	104
201	105
201	196
201	206
201	218
201	233
201	258
201	291
201	336
201	474
201	650
202	16
202	31
202	201
202	251
202	258
202	321
202	335
202	348
203	23
203	62
203	105
203	263
203	291
203	416
203	503
203	573
203	789
204	81
204	88
204	116
204	193
204	196
204	198
204	209
204	210
204	213
204	217
204	218
204	233
204	263
204	272
204	291
204	335
204	390
204	438
204	446
204	503
204	791
205	16
205	85
205	105
205	118
205	198
205	204
205	210
205	211
205	212
205	215
205	219
205	291
205	336
205	594
205	698
205	783
205	792
206	16
206	49
206	74
206	105
206	128
206	148
206	184
206	192
206	198
206	203
206	210
206	214
206	215
206	322
206	439
206	446
207	56
207	196
207	198
207	204
207	205
207	213
207	216
207	364
207	390
207	698
208	16
208	127
208	205
208	212
208	274
208	343
208	446
208	596
208	648
208	792
209	215
210	16
210	41
210	116
210	196
210	274
210	361
210	425
210	446
210	698
211	204
211	401
211	781
212	16
212	56
212	85
212	196
212	197
212	198
212	207
212	211
212	213
212	215
212	327
212	328
212	441
212	560
212	793
212	794
212	795
213	16
213	49
213	56
213	105
213	133
213	136
213	206
213	284
213	307
213	472
213	474
213	677
213	797
214	56
214	137
214	196
214	202
214	204
214	210
214	243
214	263
214	293
214	361
214	438
214	503
214	692
215	16
215	85
215	211
215	216
215	219
215	222
215	289
215	401
215	518
215	592
215	642
215	780
216	105
216	204
216	205
216	212
216	218
216	219
216	439
216	599
216	642
216	696
216	780
216	786
217	16
217	105
217	107
217	128
217	205
217	221
217	243
217	293
217	545
217	775
217	794
218	16
218	30
218	104
218	196
218	209
218	215
218	363
218	532
218	578
218	599
218	640
218	780
218	799
219	16
219	69
219	88
219	193
219	198
219	200
219	208
219	211
219	212
219	222
219	289
219	650
219	692
219	698
219	725
220	176
220	197
220	390
220	802
221	215
221	216
221	289
221	363
221	599
221	780
221	786
222	85
222	205
222	206
222	212
222	592
222	594
222	742
222	803
222	804
223	549
224	17
224	115
224	192
224	806
225	115
226	18
227	18
227	23
227	25
227	45
227	368
227	378
227	518
227	578
227	807
228	18
228	20
228	50
228	52
228	81
228	241
228	271
228	808
229	19
229	454
230	23
230	27
230	137
230	138
230	233
230	240
230	443
231	57
231	94
231	128
231	240
231	254
231	346
231	810
232	27
233	19
233	20
233	28
233	38
233	70
233	71
233	74
233	82
233	86
233	91
233	94
233	120
233	210
233	235
233	238
233	282
233	306
233	378
233	439
233	444
233	534
233	585
233	607
233	633
233	711
233	813
233	816
234	19
234	82
234	182
234	817
235	19
235	305
235	415
235	541
235	662
235	818
236	105
237	82
237	155
237	167
237	305
237	355
237	444
237	464
237	532
237	624
237	631
237	702
237	705
237	707
237	819
237	821
238	19
238	25
238	41
238	428
238	460
238	487
238	513
238	709
238	824
239	21
239	70
239	83
239	143
239	146
239	147
239	165
239	230
239	233
239	306
239	504
239	825
240	19
240	134
240	138
240	233
240	306
240	443
240	444
240	776
241	46
241	81
241	94
241	145
241	150
241	151
241	269
241	316
241	340
241	367
241	415
241	466
241	475
241	484
241	585
241	588
241	827
242	578
242	828
243	81
243	83
243	150
243	231
243	233
243	239
243	241
243	303
243	452
243	504
243	588
243	591
243	829
243	830
243	831
244	20
244	61
244	132
244	178
244	378
244	470
245	21
245	31
245	39
245	41
245	42
245	50
245	250
245	354
246	21
246	23
246	103
246	157
246	245
246	250
246	399
247	21
247	41
248	21
248	52
248	240
248	245
248	512
248	555
248	775
248	833
249	21
250	21
250	39
250	41
251	21
251	56
251	204
251	258
251	331
251	333
251	420
251	437
252	107
252	250
252	321
252	433
254	21
254	233
254	259
254	334
254	585
254	677
254	810
255	21
255	115
255	233
255	277
255	333
255	694
255	838
256	21
256	59
256	91
256	499
256	572
256	612
256	614
256	716
256	840
256	842
257	21
257	235
257	354
257	423
257	458
257	568
257	843
258	21
259	31
259	45
259	50
259	55
259	105
259	293
259	305
259	333
259	420
260	21
260	81
260	458
260	718
260	755
260	845
263	24
263	196
263	206
263	439
263	446
263	503
264	447
264	564
264	847
264	848
265	25
265	39
265	284
265	307
266	94
266	376
267	23
267	75
267	149
267	185
267	341
267	557
267	710
267	851
268	54
268	358
268	365
268	369
268	395
268	415
268	425
268	767
268	853
269	43
269	49
269	76
269	80
269	91
269	116
269	156
269	196
269	237
269	254
269	256
269	588
269	701
269	854
270	23
270	41
270	351
270	399
270	585
270	632
270	815
270	856
270	858
271	50
271	200
271	333
271	355
271	372
271	392
271	836
271	860
272	23
272	265
273	23
273	862
274	23
274	116
274	127
274	128
274	196
274	201
274	204
274	205
274	214
274	218
274	382
274	446
274	470
274	593
275	451
275	458
275	864
276	23
276	299
276	388
276	591
276	756
276	859
276	865
276	866
277	82
277	182
277	694
277	867
278	564
278	869
278	870
278	871
279	23
279	275
279	415
279	417
279	451
279	568
279	872
280	23
280	28
280	372
280	392
280	532
280	694
281	23
281	339
282	43
282	59
282	65
282	66
282	67
282	68
282	72
282	133
282	426
282	427
282	430
282	444
282	485
282	510
283	355
284	23
284	92
284	105
284	200
284	250
284	434
284	543
284	591
284	729
285	485
285	500
285	508
286	24
286	67
286	213
287	25
287	74
287	122
287	125
287	182
287	255
287	489
287	565
287	839
287	874
287	875
287	877
288	24
288	192
288	263
289	128
289	196
289	197
289	199
289	205
289	211
289	216
289	286
289	780
289	786
290	24
290	355
290	693
290	880
291	24
291	105
291	322
291	592
291	725
292	24
293	24
293	49
293	128
293	201
293	204
295	287
295	495
296	48
296	108
296	182
296	308
297	120
297	162
297	165
297	172
297	882
298	25
298	230
298	429
298	443
298	883
298	884
299	25
299	140
299	143
299	333
299	386
299	389
299	398
299	409
299	410
299	429
299	542
299	590
299	725
299	726
299	885
299	886
300	25
300	140
300	267
300	545
301	331
301	482
301	847
301	849
303	49
303	381
303	382
303	383
303	385
303	386
303	387
303	393
303	439
303	468
303	891
303	892
303	894
303	895
303	896
304	27
304	329
304	897
305	233
305	308
305	438
306	27
306	249
306	252
306	749
306	899
307	305
307	435
307	438
308	28
308	378
308	425
308	452
308	458
308	658
308	761
309	28
309	413
309	479
310	902
311	29
311	306
311	310
311	312
311	314
312	140
312	310
312	905
312	908
313	29
313	132
313	136
313	140
313	142
313	350
313	378
313	457
313	711
313	718
313	795
313	910
313	911
314	42
314	134
314	140
314	228
314	271
314	458
314	466
314	523
314	527
314	912
315	29
315	313
315	712
315	795
316	29
316	66
316	191
316	237
316	257
316	268
316	299
316	349
316	354
316	358
316	368
316	495
316	515
316	532
316	662
316	707
316	827
317	30
317	55
317	129
317	321
317	322
317	780
318	30
319	30
320	30
320	326
321	105
321	320
321	322
321	324
321	325
321	363
321	435
321	442
321	697
321	916
322	30
322	49
322	79
322	164
322	168
322	210
322	303
322	325
322	442
322	446
322	915
322	917
323	30
323	192
323	203
323	277
323	320
323	321
323	640
323	697
324	50
324	128
324	227
324	666
325	30
325	49
325	128
325	201
325	324
326	30
326	323
326	629
326	681
326	918
327	56
327	130
327	176
327	197
327	206
327	207
327	274
327	289
327	390
327	401
327	578
327	595
327	629
327	780
328	30
328	204
328	325
329	31
329	125
329	284
329	311
329	312
329	331
329	333
329	355
329	415
329	420
329	433
329	543
329	581
330	70
330	131
330	239
330	305
330	375
330	585
330	711
330	919
331	31
331	54
331	105
331	145
331	248
331	333
331	336
331	384
331	420
331	423
331	775
331	827
332	31
332	41
332	44
332	48
332	84
332	120
332	140
332	143
332	146
332	203
332	243
332	299
332	329
332	381
332	386
332	393
332	396
332	412
332	504
332	543
332	591
332	724
332	730
332	893
333	31
333	50
333	81
333	104
333	112
333	140
333	157
333	276
333	337
333	364
333	381
333	390
333	410
333	457
333	466
333	532
333	545
333	574
333	641
333	658
333	743
333	870
333	921
334	41
334	231
334	354
334	608
334	612
334	634
334	810
334	924
335	52
335	56
335	157
335	201
335	218
335	245
335	251
335	329
335	333
335	420
335	532
335	543
335	650
335	926
336	31
336	291
336	322
336	333
336	469
337	31
337	468
337	778
337	927
338	42
338	51
338	134
338	254
338	429
338	587
339	31
339	308
339	316
339	331
339	340
339	344
339	576
339	928
340	52
340	228
340	237
340	268
340	354
340	365
340	658
340	846
341	32
341	62
341	76
341	303
341	357
341	364
341	371
341	380
341	382
341	384
341	385
341	413
341	416
341	512
341	571
341	573
341	578
341	890
341	891
341	908
342	34
342	881
343	400
343	446
343	698
344	38
344	116
344	181
344	549
344	568
344	677
345	350
346	54
346	254
346	287
346	368
346	418
347	590
347	743
347	748
347	941
347	942
347	944
347	945
348	258
348	315
348	585
349	38
349	45
349	69
349	140
349	947
351	46
351	52
351	72
351	163
351	368
351	554
351	632
351	687
351	829
352	38
352	455
352	562
352	588
352	654
352	660
352	769
353	38
353	41
353	275
354	39
354	41
354	46
354	50
354	51
354	54
354	75
354	140
354	141
354	142
354	146
354	147
354	268
354	338
354	339
354	356
354	399
354	415
354	505
354	767
355	112
355	224
355	255
355	273
355	356
355	416
355	468
355	489
355	495
355	668
355	671
355	693
355	874
355	956
355	957
355	958
356	39
356	271
356	337
356	347
356	389
356	399
356	414
356	468
356	552
356	591
356	724
356	725
356	945
357	39
357	355
358	106
358	308
358	354
358	378
358	452
358	515
358	548
358	707
358	750
358	769
359	40
359	521
359	711
360	40
360	361
360	472
361	80
361	166
361	196
361	201
361	204
361	206
361	400
361	436
361	796
362	40
362	137
362	146
362	155
362	246
362	268
362	340
362	349
362	466
362	963
363	40
363	49
363	199
363	215
363	325
363	328
363	441
363	786
364	144
364	148
364	213
364	472
365	354
365	954
366	40
366	213
366	350
367	48
367	115
367	125
367	183
367	250
367	255
367	287
367	355
367	468
367	470
367	495
367	838
367	964
367	965
368	50
368	51
368	134
368	262
368	268
368	334
368	339
368	354
368	369
368	392
368	660
368	864
368	962
369	72
369	257
369	358
369	365
369	579
369	954
370	41
370	609
371	41
371	146
371	185
371	203
371	300
371	354
372	42
372	134
372	279
372	324
372	333
372	368
372	378
372	538
372	730
373	46
373	68
373	72
373	243
373	704
374	41
375	346
375	391
376	41
376	73
376	96
376	137
376	234
376	334
376	403
376	421
376	457
376	606
376	610
376	630
376	734
376	872
376	969
376	970
376	971
377	41
377	155
377	262
377	429
377	973
378	41
378	73
378	86
378	204
378	270
378	275
378	316
378	330
378	376
378	389
378	390
378	413
378	585
378	588
378	661
378	662
378	713
378	750
378	753
378	975
379	248
379	659
379	833
380	42
380	303
380	387
381	82
381	380
381	382
381	383
381	386
381	387
381	413
381	504
381	784
382	42
382	380
382	384
382	578
382	890
382	936
382	977
383	332
383	337
383	357
383	382
383	384
384	303
384	329
384	333
384	381
384	385
384	386
384	409
384	784
384	891
385	380
385	381
385	382
385	386
385	726
385	784
385	896
386	42
386	44
386	382
386	383
386	504
387	135
387	382
387	383
387	384
387	385
387	386
387	591
388	83
388	396
388	404
388	833
388	859
389	185
389	332
389	341
389	396
389	542
389	552
389	633
389	756
389	788
389	884
389	885
389	887
389	888
389	978
390	42
390	105
390	176
390	196
390	205
390	216
390	274
390	322
390	786
390	802
391	42
391	378
391	418
391	657
391	752
391	979
392	241
392	248
392	300
392	353
392	355
392	356
392	538
392	846
392	902
392	980
393	42
393	58
393	183
393	276
393	284
393	299
393	305
393	341
393	381
393	384
393	385
393	443
393	504
393	730
393	892
393	893
393	920
393	976
393	982
395	370
395	661
395	752
395	767
395	846
396	42
396	72
396	76
396	90
396	147
396	153
396	243
396	299
396	315
396	412
396	724
396	743
396	747
396	748
396	756
396	890
396	943
396	944
396	986
397	42
397	313
397	376
397	421
397	457
398	42
398	85
398	271
398	942
398	958
398	976
399	46
399	202
399	228
399	346
399	701
399	840
399	960
400	79
400	80
400	206
400	210
400	322
400	574
400	581
401	80
401	162
401	205
401	212
401	219
401	289
401	698
401	699
401	798
401	802
402	355
402	657
402	905
403	468
403	545
403	578
403	968
404	104
404	150
404	209
404	210
404	228
404	271
404	313
404	573
404	990
405	43
405	81
405	240
405	429
406	44
406	407
407	332
407	356
407	384
407	552
407	991
407	992
408	406
408	407
408	409
408	775
408	908
409	44
409	316
409	337
409	410
409	591
409	705
409	726
409	729
410	44
410	143
410	227
410	356
410	389
410	396
410	407
410	413
410	431
410	726
410	892
410	937
410	993
411	44
411	407
411	409
411	410
411	773
412	590
412	724
412	745
412	943
413	44
413	137
413	276
413	389
413	412
413	590
413	724
414	46
414	105
414	276
414	293
414	300
414	749
415	275
415	316
415	344
415	368
415	452
415	535
415	549
415	662
415	705
415	827
415	914
416	45
416	145
416	185
416	357
416	371
416	573
417	45
417	370
417	376
417	612
417	750
418	45
418	155
418	242
418	260
418	484
418	523
418	755
418	994
419	45
419	808
420	57
420	73
420	77
420	105
420	284
420	333
420	574
420	775
422	45
422	564
423	45
423	72
423	997
425	106
425	358
425	430
425	817
425	840
426	46
426	57
426	69
426	72
426	90
427	46
427	476
427	507
427	517
427	908
427	998
427	1000
428	46
429	46
429	71
429	122
429	125
429	128
429	186
429	214
429	250
429	284
429	321
429	373
429	376
429	454
429	884
429	898
429	1001
430	59
430	67
430	68
430	485
430	499
430	500
430	510
431	243
431	299
431	332
431	389
431	409
431	756
431	892
431	904
432	362
432	822
432	860
432	963
432	1005
433	47
433	331
433	337
433	802
433	927
434	48
434	159
434	239
434	271
434	299
434	332
434	333
434	389
434	396
434	402
434	404
434	409
434	410
434	414
434	542
434	724
434	748
434	884
434	885
434	993
435	49
435	116
435	128
435	691
436	49
436	401
437	49
437	56
437	105
437	130
437	213
437	274
438	201
438	314
438	322
439	196
439	210
439	218
439	274
439	322
439	393
439	437
439	650
439	1006
440	49
440	240
441	118
441	198
441	297
441	401
441	517
441	584
441	698
441	806
442	49
443	137
443	142
443	248
443	504
443	749
443	775
443	809
444	50
444	91
444	440
444	443
445	51
445	134
445	348
445	377
445	461
445	568
445	586
446	105
446	205
446	291
446	390
446	915
447	51
447	73
447	238
447	422
447	475
447	484
447	564
447	824
447	996
448	51
448	134
448	445
449	51
449	456
451	51
451	445
451	500
451	507
451	1008
452	81
452	235
452	241
452	268
452	369
452	455
452	515
452	588
452	652
452	654
452	657
452	662
452	663
452	914
452	1009
452	1010
452	1011
453	238
454	54
454	81
454	89
454	95
454	137
454	189
454	191
454	376
454	378
454	464
454	598
454	603
454	604
454	621
454	622
454	624
454	821
454	1012
454	1013
455	52
455	515
455	654
455	660
456	235
456	241
456	308
456	452
456	761
456	1009
457	94
457	96
457	135
457	315
457	334
457	417
457	468
458	235
458	276
458	391
458	548
458	707
458	840
458	1001
458	1015
459	450
459	700
459	701
459	842
459	980
459	1019
460	52
460	82
460	419
460	429
460	477
460	484
460	533
460	1021
460	1022
460	1025
460	1026
460	1027
462	818
462	990
462	1028
463	54
464	89
464	189
464	625
464	774
464	1029
465	602
466	74
466	76
466	187
466	344
466	396
466	523
466	638
467	54
467	73
467	106
467	352
467	372
467	378
467	468
467	470
467	660
467	770
467	819
468	55
468	105
468	208
468	315
468	397
468	434
468	446
468	489
468	558
468	573
468	836
468	912
468	965
469	118
470	61
470	132
470	333
470	356
470	501
470	810
471	460
471	545
471	757
471	1034
472	56
472	196
472	204
472	212
472	219
472	259
473	196
473	207
474	56
474	202
475	57
475	65
475	709
475	849
475	1007
476	65
476	480
476	757
477	447
477	483
477	486
477	933
477	996
478	57
479	57
479	480
479	554
480	875
480	996
480	1037
481	57
481	65
481	131
481	134
481	479
481	554
481	706
481	709
481	1038
481	1039
482	57
482	447
482	868
483	57
483	65
483	475
483	480
483	484
483	491
483	497
483	607
483	709
483	995
483	1022
483	1035
483	1041
484	339
484	453
484	709
484	870
484	871
484	995
485	57
485	60
485	64
485	90
485	476
486	57
486	419
486	460
486	483
486	484
486	513
486	565
486	848
486	1023
486	1036
487	57
487	134
487	460
487	481
487	483
487	757
487	1045
488	58
489	58
489	163
489	195
489	255
489	333
489	344
489	367
489	495
489	675
489	689
489	874
490	58
490	67
491	67
491	490
491	517
491	607
491	1041
494	58
495	223
495	224
495	283
495	290
497	430
497	491
497	1041
498	59
498	499
498	700
499	483
500	68
500	69
500	427
500	470
500	506
500	507
500	508
500	537
500	607
501	104
501	171
501	217
501	244
501	273
501	353
501	355
501	438
501	549
501	638
501	821
502	61
503	62
503	105
503	192
503	237
503	267
503	337
503	371
503	573
503	651
504	62
504	74
504	140
504	143
504	299
504	383
504	396
504	434
504	549
504	724
504	726
504	892
504	895
504	920
505	62
505	74
505	140
505	503
505	573
505	741
506	64
506	285
506	525
507	63
507	90
507	415
507	517
507	540
507	562
507	890
507	942
508	63
508	427
508	476
508	485
508	509
508	511
509	63
509	427
509	506
509	507
509	712
509	1050
510	64
510	68
510	72
510	90
510	485
511	65
511	68
511	72
512	809
512	833
512	834
512	896
512	992
513	333
513	419
513	460
513	471
513	808
513	848
513	1034
514	1052
516	67
517	67
517	320
518	85
518	532
518	599
518	600
518	601
520	137
520	305
520	429
521	470
521	509
521	529
521	765
522	483
522	491
522	607
523	69
523	349
523	362
523	528
523	546
523	570
523	822
523	1053
524	69
524	135
525	69
527	69
527	529
527	558
527	1054
528	73
528	226
528	549
529	903
530	70
530	950
531	70
531	881
532	117
532	120
532	182
532	227
532	355
532	367
532	654
532	680
532	687
532	831
532	1055
533	71
533	136
533	757
534	72
534	308
535	72
536	131
538	353
538	415
538	451
538	1057
539	443
539	500
540	150
540	285
540	411
540	434
541	308
541	344
541	549
541	1009
542	72
542	284
542	329
542	396
542	410
542	726
542	886
543	122
543	331
543	333
543	356
543	384
543	410
543	420
543	429
543	433
543	558
543	709
543	1034
544	73
544	362
545	73
545	105
545	122
545	200
545	339
545	465
545	641
545	709
545	721
546	429
546	569
546	1053
547	73
547	291
549	181
549	186
549	466
549	467
549	484
549	660
549	765
549	816
549	831
550	74
551	183
551	308
551	346
551	549
551	765
552	74
552	299
552	381
552	396
552	411
552	412
552	413
552	434
552	438
552	468
552	504
552	542
552	571
552	590
552	726
552	729
552	730
552	788
552	884
552	885
552	887
553	568
553	663
553	853
553	1061
554	101
554	278
554	339
554	422
554	429
554	460
554	475
554	564
554	709
554	824
554	849
554	868
554	869
554	928
554	1007
555	74
555	124
555	221
555	312
555	592
555	687
555	775
555	833
555	1063
556	144
556	267
557	75
557	721
558	314
558	333
558	529
558	903
559	75
559	152
559	741
560	1064
561	75
561	860
561	912
561	1066
562	188
562	316
562	500
562	654
562	660
562	677
562	769
563	76
563	121
564	238
564	331
564	333
564	344
564	419
564	453
564	460
564	478
564	479
564	481
564	483
564	484
564	487
564	513
564	549
564	578
564	848
564	869
564	996
565	339
565	554
565	1038
566	183
566	882
567	87
567	183
567	566
568	94
568	135
568	235
568	268
568	322
568	353
568	415
568	549
568	562
568	656
568	660
569	110
569	124
569	669
570	76
571	299
571	389
571	396
571	434
571	595
571	886
571	888
572	184
572	399
572	659
573	76
573	148
573	190
573	267
573	300
573	354
573	556
573	557
573	710
573	851
574	77
574	92
576	79
577	79
578	80
578	142
578	188
578	211
578	353
578	384
578	454
578	521
578	524
578	562
578	604
578	656
578	659
578	715
578	811
578	866
578	1069
578	1070
578	1071
579	80
579	184
579	844
581	543
581	545
582	80
582	101
583	80
584	80
584	162
584	177
584	289
584	297
584	327
584	390
584	401
584	780
584	806
585	81
585	131
585	134
585	137
585	237
585	246
585	377
585	663
585	677
585	700
585	983
586	81
586	134
586	135
586	155
586	202
586	356
587	81
588	81
588	445
588	455
588	467
588	562
588	655
588	656
588	660
588	687
588	770
588	819
588	1073
589	187
590	83
590	153
590	233
590	239
590	298
590	356
590	724
590	730
590	744
590	747
590	940
590	945
590	946
591	84
591	142
591	239
591	381
591	388
591	590
591	724
591	725
591	726
591	744
591	746
591	945
592	219
592	327
592	518
592	594
592	595
592	650
592	725
592	895
593	85
593	382
593	745
593	1075
593	1076
594	85
594	88
594	198
594	204
594	215
594	274
594	446
594	518
594	599
594	648
594	695
595	85
595	219
595	725
596	85
596	209
597	94
598	86
598	94
598	135
598	266
598	279
598	568
598	597
598	603
598	621
599	88
599	196
599	317
599	601
599	780
600	594
600	742
600	965
601	88
601	594
601	1046
602	93
602	189
602	622
602	623
603	89
603	90
603	186
603	338
603	458
603	464
603	578
603	630
604	89
605	90
605	418
605	485
606	135
607	497
607	507
607	508
608	90
608	376
609	90
609	421
610	432
610	822
610	967
610	1078
611	91
611	315
611	348
611	578
611	1001
612	91
612	376
612	533
612	572
612	610
612	968
612	985
612	1080
612	1082
612	1084
613	91
613	230
614	103
614	131
614	269
614	611
614	854
616	92
617	92
617	543
617	1085
619	92
620	92
620	270
620	336
621	603
621	604
621	737
622	93
622	189
622	1013
623	189
623	454
623	598
623	622
624	93
624	464
625	454
625	677
626	464
627	98
629	93
629	207
629	218
629	640
629	683
630	94
630	872
632	94
632	429
632	458
632	461
632	491
633	143
633	237
633	243
633	730
634	96
634	376
634	608
634	924
634	969
636	434
636	627
636	737
638	101
638	338
638	586
639	103
640	104
640	440
641	129
641	446
641	642
641	646
642	210
643	105
643	129
643	200
643	501
643	641
643	642
644	105
645	105
645	200
645	641
645	643
646	408
647	198
647	221
647	783
647	787
648	116
648	205
648	378
648	695
648	792
649	105
649	158
649	194
649	199
649	468
649	660
650	105
650	214
650	698
651	105
652	415
653	853
654	279
654	467
654	588
654	598
654	656
654	770
655	106
656	106
656	352
656	452
656	769
657	106
657	268
657	752
657	825
658	106
658	987
658	1089
659	256
659	268
659	425
659	853
660	106
660	188
660	233
660	257
660	344
660	423
660	501
660	564
660	654
660	677
660	769
660	1060
661	158
661	338
661	657
661	984
662	106
662	137
662	451
662	589
662	715
663	268
663	481
663	691
663	706
663	1090
664	106
664	660
666	259
666	355
667	107
668	290
668	495
668	694
669	110
669	114
669	119
670	112
671	112
671	280
671	290
671	578
671	778
672	210
672	259
672	367
673	329
674	224
675	115
675	195
675	224
675	367
675	480
675	694
675	875
676	116
676	210
676	305
677	116
677	155
677	404
677	638
678	116
678	196
678	223
679	116
680	116
680	211
680	1093
681	116
683	118
684	118
684	126
686	284
686	581
687	250
687	306
687	367
687	433
687	434
687	453
687	543
687	703
688	214
688	300
688	367
688	452
689	273
689	495
691	124
691	168
691	196
691	355
691	481
691	585
691	706
692	233
692	321
692	687
693	367
693	1086
694	290
694	355
694	489
694	495
694	689
695	196
695	198
695	206
695	219
695	274
695	446
695	593
695	696
695	786
696	219
696	472
696	650
697	128
697	320
697	403
697	775
697	790
698	130
698	192
698	211
698	212
698	215
698	512
698	687
698	790
699	297
699	441
699	584
699	1095
700	183
700	614
701	131
701	499
702	156
702	250
702	269
704	131
704	454
704	661
704	687
704	775
705	194
705	351
705	532
706	585
706	847
706	994
706	1039
706	1043
706	1098
707	134
707	825
707	954
707	1010
708	454
708	598
709	564
709	816
709	1035
709	1038
710	135
710	733
710	851
711	135
711	186
711	252
711	269
711	350
711	466
711	521
712	135
712	313
712	795
715	135
715	183
715	598
715	950
716	136
718	508
718	812
719	267
720	140
720	354
720	557
721	543
721	710
722	140
723	141
723	737
724	389
724	744
724	940
724	958
725	284
725	390
725	408
725	438
725	542
725	552
725	600
725	729
725	730
725	787
725	798
726	389
726	412
726	434
726	571
726	725
726	729
726	788
726	887
726	978
727	351
728	992
728	1003
729	143
729	299
729	305
729	389
729	434
729	438
729	542
729	859
730	143
730	299
730	381
730	386
730	407
730	500
730	504
730	945
730	981
730	983
731	406
731	408
731	450
731	728
731	974
732	144
732	710
735	145
735	152
736	185
736	341
736	371
736	505
736	937
737	146
737	149
737	152
738	147
739	152
740	152
741	152
741	598
741	603
742	152
742	185
742	596
743	412
743	590
743	591
743	748
743	944
744	153
744	356
744	745
744	746
744	783
744	945
745	356
745	396
745	940
745	945
746	153
746	347
746	724
746	743
746	745
747	153
747	356
747	724
748	590
748	744
748	745
748	746
750	158
750	271
750	356
750	872
751	158
752	661
753	395
753	754
754	158
754	661
754	812
755	158
755	508
755	706
756	159
756	299
756	398
756	434
756	542
756	552
756	571
756	590
756	726
756	730
756	885
756	886
756	887
756	888
757	460
757	486
757	513
757	582
757	848
757	1027
757	1045
757	1101
758	160
761	176
761	339
761	340
761	935
762	182
762	564
763	182
764	498
765	313
765	359
765	466
765	523
765	528
765	795
765	822
765	1053
766	187
766	774
767	365
767	367
768	186
769	256
769	467
769	588
769	654
769	770
769	953
770	188
770	975
771	515
771	953
771	1104
772	188
772	451
772	588
772	654
772	660
772	819
773	189
773	649
774	189
774	896
775	193
775	198
775	230
775	407
775	429
775	512
775	650
775	756
775	809
776	192
777	194
779	196
780	196
780	199
780	786
781	196
781	289
781	390
782	197
783	198
783	293
783	649
783	703
783	786
784	199
784	380
784	382
784	885
786	199
786	215
786	596
786	599
786	647
787	200
788	299
788	410
788	434
788	571
788	756
788	886
788	887
788	888
790	204
790	219
792	211
792	212
792	219
793	213
793	738
793	1005
793	1067
793	1069
793	1078
795	1066
796	213
796	384
797	698
798	216
800	219
801	219
801	698
802	1106
805	223
806	225
806	495
806	699
808	471
808	564
808	757
808	1097
809	230
809	248
809	379
809	389
809	794
809	833
811	233
811	302
811	480
811	1037
812	233
812	239
813	239
814	233
815	233
816	270
816	447
816	565
816	823
816	847
816	849
817	308
817	429
817	456
818	501
819	770
819	952
819	1058
820	237
820	853
821	464
821	624
821	734
822	237
822	528
822	1053
823	238
824	278
824	422
824	564
824	565
825	814
826	240
826	243
829	270
832	244
833	504
833	542
833	775
833	834
834	248
834	443
834	555
834	775
834	809
835	251
835	391
836	255
836	451
836	470
836	518
836	671
836	859
836	1010
836	1111
837	255
837	290
837	880
838	290
838	355
838	837
839	255
840	391
840	459
840	700
840	701
840	980
841	256
841	353
844	257
844	308
844	351
846	260
846	657
846	812
847	278
847	481
847	1035
847	1039
847	1043
848	278
848	419
848	460
848	471
848	808
848	1034
848	1045
849	264
849	479
849	482
849	564
849	709
849	1035
849	1037
850	265
850	807
851	416
852	267
853	691
853	707
853	929
855	269
855	603
855	869
855	923
857	270
859	271
859	354
859	409
859	633
860	312
860	555
860	907
860	963
861	271
861	333
861	711
861	988
861	989
861	1050
863	274
864	427
865	976
865	1113
868	278
868	427
868	564
868	824
868	855
869	483
869	854
869	868
870	351
870	476
870	824
870	868
870	871
870	1038
871	855
872	370
872	417
872	606
872	609
872	634
873	287
874	495
875	295
875	495
876	287
877	297
878	287
878	489
878	495
879	287
879	367
879	699
880	668
881	296
881	308
881	330
882	377
882	441
883	586
884	299
884	341
884	383
884	413
884	688
884	692
884	775
884	1116
885	571
885	726
885	788
885	887
886	389
886	434
886	552
886	726
886	885
886	888
887	299
887	434
887	571
887	886
888	299
888	434
888	542
888	552
888	726
888	885
888	887
889	303
889	341
889	357
889	512
889	891
890	303
890	381
890	385
890	388
890	784
890	978
890	1117
891	357
891	578
891	784
891	896
891	907
892	341
892	381
892	384
892	396
892	409
893	303
893	504
894	393
894	895
894	920
894	981
894	982
894	983
895	332
895	393
895	784
895	920
896	341
896	357
896	384
896	889
896	924
898	306
898	1118
899	311
899	900
900	306
900	711
901	307
902	314
902	527
902	558
902	561
902	912
903	310
903	795
904	312
904	408
904	512
904	908
905	332
905	356
906	312
907	312
907	432
907	911
907	1005
907	1067
908	336
908	512
908	719
908	833
908	992
908	1003
909	313
910	1069
910	1078
910	1105
912	527
912	558
912	1054
912	1066
913	316
914	316
915	319
919	429
919	1119
920	332
920	981
921	358
921	1090
922	333
922	460
922	486
923	334
923	457
923	612
924	608
924	985
925	334
925	598
926	799
929	339
929	368
929	425
930	339
930	354
930	761
931	339
931	1011
931	1121
932	339
932	432
932	468
932	963
932	1005
933	339
934	340
935	340
935	658
935	987
936	341
936	784
936	889
936	896
937	341
938	341
938	384
938	387
939	344
940	347
940	748
940	946
941	724
941	940
941	942
943	347
945	724
945	743
945	746
946	347
946	356
946	724
948	350
949	350
950	352
950	451
950	538
951	352
951	588
952	352
952	467
952	588
952	950
953	352
953	368
953	392
953	588
953	598
953	656
953	819
954	353
954	568
954	588
954	962
955	354
957	422
957	479
957	480
957	564
957	811
957	995
958	388
958	396
958	942
959	355
960	356
960	572
960	1122
961	356
961	590
962	358
962	365
962	660
965	742
966	367
967	376
968	376
968	1080
972	377
974	378
975	691
976	380
976	728
976	773
976	831
976	894
976	895
976	981
979	496
979	498
979	657
980	572
980	1068
981	393
981	504
981	895
981	983
982	730
983	393
983	413
983	895
983	920
983	976
984	395
985	396
985	608
985	634
986	724
986	958
987	401
987	699
987	1087
988	402
988	714
989	402
989	1050
990	665
990	818
992	731
992	1003
995	418
995	460
995	477
995	482
995	486
995	564
996	422
996	705
996	957
996	995
998	1125
999	427
999	507
1001	499
1001	687
1001	1049
1002	429
1002	460
1002	922
1003	431
1003	731
1004	432
1004	907
1005	860
1005	910
1005	1004
1007	447
1007	687
1008	483
1009	462
1009	555
1009	990
1009	1127
1010	467
1011	894
1013	464
1014	454
1014	636
1016	458
1016	521
1017	459
1018	459
1019	613
1019	1017
1019	1068
1020	460
1020	475
1020	477
1020	486
1020	757
1023	460
1023	808
1023	923
1024	460
1024	484
1025	757
1026	487
1026	564
1026	757
1026	995
1026	1045
1030	466
1031	466
1031	587
1032	468
1032	598
1032	1069
1033	468
1034	808
1035	475
1035	870
1035	1039
1035	1043
1036	477
1036	824
1037	479
1037	957
1038	706
1038	1035
1040	483
1041	607
1042	483
1043	483
1043	849
1043	995
1043	1039
1043	1098
1044	487
1046	489
1047	495
1047	675
1048	498
1048	764
1049	499
1050	504
1050	711
1050	988
1051	512
1051	904
1053	1129
1054	558
1054	561
1056	535
1058	546
1058	900
1059	549
1060	553
1061	568
1062	554
1062	598
1062	828
1062	928
1063	958
1065	561
1065	912
1066	902
1066	1105
1067	578
1067	687
1067	910
1067	1004
1067	1005
1067	1069
1067	1070
1067	1078
1068	578
1068	1017
1069	907
1069	1004
1069	1005
1069	1070
1069	1078
1069	1105
1070	1005
1070	1105
1072	587
1073	770
1073	1130
1074	592
1075	748
1077	598
1078	634
1078	1032
1078	1079
1079	610
1080	1084
1081	612
1083	612
1084	661
1084	968
1086	651
1087	658
1087	935
1088	658
1088	1089
1091	664
1092	671
1094	694
1095	878
1096	701
1097	705
1097	1024
1098	709
1098	847
1098	848
1098	849
1098	1035
1098	1039
1098	1112
1099	714
1100	724
1100	958
1102	765
1103	768
1105	793
1105	1004
1105	1005
1105	1067
1107	824
1108	834
1109	836
1110	836
1112	855
1112	868
1112	869
1112	995
1112	1045
1113	859
1114	870
1115	874
1120	930
1123	979
1123	997
1124	981
1126	1001
1128	1023
1131	1080
1132	1087
1133	1096
