1	2	0.1
1	3	0.1
1	6	0.1
1	7	0.1
1	10	0.1
1	12	0.1
1	13	0.1
1	16	0.1
1	17	0.1
1	18	0.1
1	24	0.1
1	26	0.1
1	28	0.1
1	29	0.1
2	3	0.1
2	6	0.1
2	7	0.1
2	11	0.1
2	16	0.1
2	18	0.1
2	20	0.1
2	34	0.1
2	35	0.1
2	36	0.1
2	38	0.1
3	4	0.1
3	7	0.1
3	8	0.1
3	9	0.1
3	16	0.1
3	20	0.1
3	22	0.1
3	23	0.1
3	28	0.1
3	41	0.1
3	47	0.1
3	48	0.1
3	50	0.1
3	51	0.1
3	53	0.1
3	54	0.1
3	55	0.1
4	1	0.1
4	2	0.1
4	11	0.1
4	46	0.1
4	58	0.1
4	61	0.1
4	62	0.1
4	64	0.1
4	65	0.1
4	66	0.1
4	68	0.1
4	69	0.1
4	70	0.1
4	72	0.1
5	1	0.1
5	13	0.1
5	74	0.1
5	75	0.1
5	76	0.1
5	77	0.1
5	78	0.1
5	79	0.1
6	3	0.1
6	5	0.1
6	7	0.1
6	8	0.1
6	16	0.1
6	18	0.1
6	28	0.1
6	34	0.1
6	81	0.1
6	82	0.1
6	85	0.1
6	86	0.1
6	87	0.1
7	10	0.1
7	15	0.1
7	76	0.1
7	88	0.1
7	89	0.1
7	91	0.1
7	93	0.1
7	94	0.1
7	96	0.1
7	97	0.1
7	98	0.1
7	99	0.1
7	100	0.1
8	1	0.1
8	2	0.1
8	28	0.1
8	102	0.1
9	1	0.1
9	2	0.1
9	7	0.1
9	13	0.1
9	16	0.1
9	22	0.1
9	24	0.1
9	30	0.1
9	41	0.1
9	103	0.1
9	104	0.1
9	106	0.1
10	2	0.1
10	9	0.1
10	24	0.1
10	34	0.1
10	109	0.1
10	110	0.1
10	111	0.1
10	112	0.1
10	115	0.1
10	117	0.1
10	120	0.1
10	124	0.1
10	126	0.1
10	128	0.1
10	129	0.1
10	130	0.1
11	1	0.1
11	3	0.1
11	18	0.1
11	19	0.1
11	20	0.1
11	22	0.1
11	25	0.1
11	27	0.1
11	45	0.1
11	73	0.1
11	132	0.1
11	136	0.1
11	137	0.1
12	3	0.1
12	139	0.1
12	141	0.1
12	142	0.1
12	143	0.1
12	144	0.1
12	146	0.1
12	150	0.1
12	153	0.1
13	2	0.1
13	3	0.1
13	6	0.1
13	7	0.1
13	16	0.1
13	22	0.1
13	24	0.1
13	28	0.1
13	69	0.1
13	76	0.1
13	154	0.1
13	155	0.1
13	160	0.1
14	1	0.1
14	13	0.1
14	15	0.1
14	16	0.1
14	34	0.1
14	80	0.1
14	110	0.1
14	112	0.1
14	123	0.1
14	124	0.1
14	136	0.1
14	162	0.1
14	165	0.1
14	166	0.1
14	170	0.1
14	174	0.1
14	175	0.1
14	176	0.1
14	177	0.1
14	181	0.1
15	1	0.1
15	23	0.1
15	33	0.1
15	34	0.1
15	93	0.1
15	168	0.1
15	185	0.1
15	186	0.1
15	187	0.1
16	7	0.1
16	10	0.1
16	33	0.1
16	56	0.1
16	108	0.1
16	123	0.1
16	192	0.1
16	193	0.1
16	194	0.1
16	196	0.1
16	198	0.1
16	199	0.1
16	201	0.1
16	203	0.1
16	204	0.1
16	207	0.1
16	209	0.1
16	211	0.1
16	214	0.1
16	216	0.1
16	220	0.1
16	221	0.1
16	222	0.1
17	34	0.1
17	115	0.1
17	223	0.1
17	225	0.1
18	3	0.1
18	13	0.1
18	19	0.1
18	23	0.1
18	27	0.1
18	39	0.1
19	1	0.1
19	2	0.1
19	3	0.1
19	7	0.1
19	20	0.1
19	70	0.1
19	86	0.1
19	120	0.1
19	137	0.1
19	186	0.1
19	230	0.1
19	231	0.1
19	232	0.1
19	236	0.1
19	237	0.1
19	239	0.1
20	1	0.1
20	22	0.1
20	41	0.1
20	43	0.1
20	241	0.1
20	242	0.1
20	243	0.1
21	1	0.1
21	3	0.1
21	9	0.1
21	18	0.1
21	39	0.1
21	41	0.1
21	47	0.1
21	50	0.1
21	55	0.1
21	59	0.1
21	91	0.1
21	206	0.1
21	210	0.1
21	214	0.1
21	223	0.1
21	252	0.1
21	253	0.1
21	259	0.1
21	261	0.1
22	1	0.1
22	2	0.1
22	4	0.1
22	6	0.1
22	7	0.1
22	8	0.1
22	18	0.1
22	27	0.1
23	1	0.1
23	21	0.1
23	38	0.1
23	46	0.1
23	50	0.1
23	143	0.1
23	240	0.1
23	255	0.1
23	262	0.1
23	263	0.1
23	264	0.1
23	265	0.1
23	266	0.1
23	268	0.1
23	269	0.1
23	271	0.1
23	275	0.1
23	277	0.1
23	278	0.1
23	282	0.1
23	283	0.1
24	2	0.1
24	14	0.1
24	16	0.1
24	17	0.1
24	30	0.1
24	33	0.1
24	108	0.1
24	109	0.1
24	112	0.1
24	119	0.1
24	167	0.1
24	174	0.1
24	176	0.1
24	285	0.1
24	287	0.1
24	289	0.1
24	294	0.1
24	295	0.1
24	296	0.1
24	297	0.1
25	1	0.1
25	18	0.1
25	21	0.1
25	23	0.1
25	26	0.1
25	39	0.1
25	60	0.1
25	301	0.1
25	302	0.1
25	303	0.1
26	18	0.1
27	1	0.1
27	3	0.1
27	6	0.1
27	19	0.1
27	38	0.1
27	70	0.1
27	86	0.1
27	95	0.1
27	235	0.1
27	238	0.1
27	275	0.1
27	305	0.1
27	307	0.1
28	7	0.1
28	34	0.1
29	147	0.1
29	310	0.1
29	312	0.1
29	314	0.1
30	1	0.1
30	10	0.1
30	16	0.1
30	34	0.1
30	49	0.1
30	194	0.1
30	200	0.1
30	201	0.1
30	211	0.1
30	321	0.1
30	324	0.1
30	327	0.1
31	1	0.1
31	45	0.1
31	104	0.1
31	157	0.1
31	241	0.1
31	251	0.1
31	330	0.1
31	334	0.1
31	335	0.1
31	338	0.1
31	340	0.1
32	2	0.1
32	22	0.1
33	2	0.1
33	14	0.1
33	120	0.1
34	3	0.1
34	16	0.1
34	24	0.1
34	33	0.1
34	108	0.1
34	308	0.1
34	343	0.1
37	2	0.1
38	18	0.1
38	19	0.1
38	22	0.1
38	51	0.1
38	231	0.1
38	237	0.1
38	241	0.1
38	254	0.1
38	270	0.1
38	275	0.1
38	330	0.1
38	345	0.1
38	346	0.1
38	347	0.1
38	348	0.1
38	350	0.1
38	351	0.1
39	3	0.1
39	23	0.1
39	52	0.1
39	227	0.1
39	240	0.1
39	246	0.1
39	313	0.1
39	314	0.1
39	332	0.1
39	355	0.1
39	358	0.1
40	3	0.1
40	21	0.1
40	42	0.1
40	46	0.1
40	47	0.1
40	49	0.1
40	55	0.1
40	56	0.1
40	58	0.1
40	203	0.1
40	268	0.1
40	293	0.1
40	336	0.1
40	354	0.1
40	355	0.1
40	361	0.1
40	364	0.1
40	365	0.1
40	367	0.1
41	19	0.1
41	39	0.1
41	50	0.1
41	103	0.1
41	106	0.1
41	135	0.1
41	235	0.1
41	246	0.1
41	260	0.1
41	262	0.1
41	355	0.1
41	358	0.1
41	368	0.1
41	369	0.1
41	372	0.1
41	373	0.1
41	375	0.1
41	379	0.1
42	3	0.1
42	23	0.1
42	39	0.1
42	84	0.1
42	104	0.1
42	134	0.1
42	157	0.1
42	271	0.1
42	303	0.1
42	332	0.1
42	333	0.1
42	335	0.1
42	337	0.1
42	354	0.1
42	355	0.1
42	356	0.1
42	378	0.1
42	381	0.1
42	383	0.1
42	384	0.1
42	385	0.1
42	387	0.1
42	388	0.1
42	389	0.1
42	392	0.1
42	394	0.1
42	395	0.1
42	399	0.1
42	400	0.1
42	401	0.1
42	402	0.1
42	403	0.1
42	404	0.1
43	3	0.1
43	23	0.1
43	39	0.1
43	230	0.1
43	240	0.1
44	3	0.1
44	23	0.1
44	42	0.1
44	52	0.1
44	341	0.1
44	383	0.1
44	407	0.1
44	408	0.1
44	412	0.1
44	414	0.1
45	3	0.1
45	13	0.1
45	23	0.1
45	39	0.1
45	42	0.1
45	50	0.1
45	133	0.1
45	191	0.1
45	251	0.1
45	333	0.1
45	355	0.1
45	362	0.1
45	399	0.1
45	415	0.1
45	420	0.1
45	421	0.1
45	424	0.1
45	425	0.1
46	3	0.1
46	21	0.1
46	39	0.1
46	41	0.1
46	43	0.1
46	48	0.1
46	57	0.1
46	58	0.1
46	62	0.1
46	64	0.1
46	66	0.1
46	68	0.1
46	81	0.1
46	246	0.1
46	282	0.1
46	430	0.1
46	431	0.1
46	432	0.1
47	41	0.1
47	337	0.1
48	41	0.1
49	3	0.1
49	54	0.1
49	128	0.1
49	202	0.1
49	241	0.1
49	274	0.1
49	317	0.1
49	321	0.1
49	327	0.1
49	328	0.1
49	344	0.1
49	361	0.1
49	390	0.1
49	438	0.1
49	439	0.1
49	441	0.1
50	20	0.1
50	39	0.1
50	42	0.1
50	52	0.1
50	191	0.1
50	241	0.1
50	314	0.1
50	338	0.1
50	367	0.1
50	404	0.1
50	443	0.1
51	41	0.1
51	54	0.1
51	56	0.1
51	105	0.1
51	257	0.1
51	269	0.1
51	278	0.1
51	340	0.1
51	353	0.1
51	366	0.1
51	446	0.1
51	450	0.1
52	3	0.1
52	46	0.1
52	81	0.1
52	128	0.1
52	133	0.1
52	157	0.1
52	182	0.1
52	241	0.1
52	254	0.1
52	269	0.1
52	287	0.1
52	316	0.1
52	333	0.1
52	362	0.1
52	365	0.1
52	367	0.1
52	402	0.1
52	413	0.1
52	452	0.1
52	453	0.1
52	454	0.1
52	456	0.1
52	457	0.1
52	458	0.1
52	459	0.1
52	461	0.1
53	72	0.1
54	21	0.1
54	23	0.1
54	31	0.1
54	40	0.1
54	41	0.1
54	45	0.1
54	76	0.1
54	185	0.1
54	189	0.1
54	191	0.1
54	316	0.1
54	329	0.1
54	333	0.1
54	378	0.1
54	462	0.1
54	464	0.1
54	465	0.1
54	466	0.1
55	34	0.1
55	49	0.1
55	56	0.1
55	128	0.1
55	201	0.1
55	324	0.1
55	360	0.1
55	469	0.1
56	3	0.1
56	49	0.1
56	194	0.1
56	196	0.1
56	201	0.1
56	202	0.1
56	210	0.1
56	289	0.1
56	293	0.1
56	332	0.1
56	360	0.1
56	364	0.1
56	390	0.1
56	392	0.1
56	470	0.1
56	471	0.1
56	473	0.1
57	4	0.1
57	58	0.1
57	65	0.1
57	69	0.1
57	72	0.1
57	282	0.1
57	373	0.1
57	476	0.1
57	477	0.1
57	480	0.1
57	484	0.1
58	24	0.1
58	66	0.1
58	67	0.1
58	72	0.1
58	112	0.1
58	206	0.1
58	255	0.1
58	282	0.1
58	286	0.1
58	351	0.1
58	373	0.1
58	426	0.1
58	439	0.1
58	491	0.1
58	492	0.1
58	493	0.1
58	495	0.1
59	4	0.1
59	46	0.1
59	57	0.1
59	58	0.1
59	62	0.1
59	69	0.1
59	71	0.1
59	72	0.1
59	426	0.1
59	496	0.1
59	497	0.1
59	499	0.1
60	4	0.1
61	64	0.1
61	132	0.1
61	485	0.1
61	500	0.1
61	501	0.1
62	25	0.1
62	41	0.1
62	57	0.1
62	58	0.1
62	63	0.1
62	64	0.1
62	71	0.1
62	72	0.1
62	140	0.1
62	145	0.1
62	150	0.1
62	267	0.1
62	371	0.1
62	373	0.1
62	476	0.1
63	4	0.1
63	71	0.1
63	427	0.1
63	476	0.1
63	506	0.1
64	57	0.1
64	58	0.1
64	59	0.1
64	68	0.1
64	72	0.1
64	90	0.1
64	282	0.1
64	483	0.1
65	64	0.1
65	68	0.1
65	430	0.1
65	477	0.1
65	485	0.1
65	510	0.1
65	512	0.1
65	513	0.1
65	514	0.1
66	57	0.1
66	59	0.1
66	62	0.1
66	69	0.1
66	72	0.1
66	368	0.1
66	426	0.1
66	515	0.1
67	4	0.1
67	62	0.1
67	238	0.1
67	485	0.1
67	518	0.1
67	519	0.1
68	61	0.1
68	69	0.1
68	90	0.1
68	470	0.1
68	485	0.1
68	520	0.1
69	46	0.1
69	58	0.1
69	64	0.1
69	362	0.1
69	432	0.1
69	444	0.1
69	466	0.1
69	506	0.1
69	509	0.1
69	521	0.1
69	522	0.1
69	526	0.1
69	528	0.1
69	529	0.1
70	10	0.1
70	24	0.1
70	34	0.1
70	82	0.1
70	117	0.1
70	169	0.1
70	170	0.1
70	280	0.1
70	355	0.1
70	444	0.1
70	492	0.1
70	495	0.1
70	532	0.1
71	4	0.1
71	46	0.1
71	66	0.1
71	134	0.1
71	427	0.1
71	508	0.1
71	511	0.1
72	46	0.1
72	69	0.1
72	140	0.1
72	268	0.1
72	285	0.1
72	339	0.1
72	353	0.1
72	356	0.1
72	455	0.1
72	500	0.1
72	507	0.1
72	536	0.1
72	537	0.1
72	538	0.1
72	539	0.1
72	540	0.1
72	541	0.1
73	5	0.1
73	45	0.1
73	133	0.1
73	260	0.1
73	270	0.1
73	413	0.1
73	422	0.1
73	543	0.1
73	546	0.1
73	548	0.1
74	101	0.1
74	128	0.1
74	186	0.1
74	194	0.1
74	196	0.1
74	254	0.1
74	549	0.1
74	551	0.1
74	553	0.1
74	554	0.1
75	468	0.1
75	556	0.1
75	558	0.1
75	560	0.1
76	15	0.1
76	49	0.1
76	80	0.1
76	84	0.1
76	105	0.1
76	147	0.1
76	150	0.1
76	183	0.1
76	186	0.1
76	187	0.1
76	189	0.1
76	233	0.1
76	267	0.1
76	316	0.1
76	352	0.1
76	462	0.1
76	467	0.1
76	553	0.1
76	562	0.1
76	564	0.1
76	565	0.1
76	566	0.1
76	567	0.1
76	568	0.1
76	569	0.1
76	571	0.1
76	572	0.1
77	16	0.1
77	56	0.1
77	196	0.1
77	323	0.1
78	120	0.1
78	162	0.1
78	181	0.1
78	183	0.1
78	197	0.1
78	333	0.1
78	575	0.1
79	49	0.1
79	128	0.1
79	133	0.1
79	136	0.1
79	201	0.1
79	336	0.1
80	6	0.1
80	23	0.1
80	85	0.1
80	105	0.1
80	116	0.1
80	120	0.1
80	127	0.1
80	161	0.1
80	184	0.1
80	274	0.1
80	577	0.1
80	580	0.1
80	581	0.1
81	20	0.1
81	50	0.1
81	134	0.1
81	155	0.1
81	308	0.1
81	460	0.1
81	554	0.1
82	19	0.1
82	94	0.1
82	176	0.1
82	182	0.1
82	269	0.1
82	275	0.1
82	301	0.1
82	306	0.1
82	405	0.1
82	520	0.1
82	588	0.1
82	589	0.1
83	6	0.1
83	143	0.1
84	6	0.1
84	12	0.1
84	141	0.1
84	143	0.1
84	146	0.1
84	150	0.1
84	153	0.1
84	354	0.1
84	573	0.1
85	128	0.1
85	130	0.1
85	193	0.1
85	198	0.1
85	219	0.1
85	291	0.1
85	327	0.1
85	328	0.1
85	401	0.1
85	592	0.1
86	94	0.1
86	429	0.1
86	454	0.1
86	597	0.1
87	41	0.1
87	54	0.1
87	134	0.1
87	183	0.1
88	198	0.1
88	259	0.1
88	518	0.1
88	600	0.1
89	73	0.1
89	602	0.1
90	7	0.1
90	65	0.1
90	69	0.1
90	282	0.1
90	285	0.1
90	427	0.1
90	430	0.1
90	604	0.1
90	606	0.1
90	607	0.1
90	610	0.1
91	369	0.1
91	614	0.1
91	615	0.1
92	7	0.1
92	49	0.1
92	88	0.1
92	157	0.1
92	201	0.1
92	259	0.1
92	618	0.1
93	89	0.1
93	189	0.1
93	454	0.1
93	465	0.1
93	603	0.1
93	621	0.1
93	623	0.1
93	625	0.1
93	626	0.1
93	627	0.1
93	628	0.1
94	41	0.1
94	81	0.1
94	131	0.1
94	137	0.1
94	237	0.1
94	351	0.1
94	376	0.1
94	606	0.1
94	631	0.1
94	633	0.1
95	7	0.1
95	86	0.1
95	632	0.1
96	610	0.1
96	612	0.1
97	23	0.1
98	598	0.1
98	635	0.1
98	636	0.1
99	94	0.1
99	189	0.1
99	602	0.1
100	96	0.1
100	598	0.1
101	8	0.1
101	128	0.1
101	132	0.1
101	265	0.1
101	271	0.1
101	404	0.1
101	468	0.1
101	637	0.1
102	339	0.1
102	370	0.1
103	21	0.1
104	21	0.1
104	47	0.1
104	154	0.1
104	327	0.1
105	9	0.1
105	16	0.1
105	21	0.1
105	39	0.1
105	40	0.1
105	42	0.1
105	49	0.1
105	55	0.1
105	56	0.1
105	79	0.1
105	104	0.1
105	183	0.1
105	198	0.1
105	200	0.1
105	202	0.1
105	204	0.1
105	210	0.1
105	214	0.1
105	218	0.1
105	227	0.1
105	251	0.1
105	274	0.1
105	307	0.1
105	333	0.1
105	335	0.1
105	361	0.1
105	378	0.1
105	400	0.1
105	439	0.1
105	472	0.1
105	578	0.1
105	596	0.1
105	641	0.1
105	642	0.1
105	646	0.1
105	647	0.1
105	648	0.1
106	13	0.1
106	20	0.1
106	134	0.1
106	268	0.1
106	339	0.1
106	391	0.1
106	415	0.1
106	452	0.1
106	458	0.1
106	538	0.1
106	588	0.1
106	652	0.1
106	653	0.1
106	654	0.1
106	659	0.1
106	661	0.1
106	663	0.1
106	665	0.1
107	9	0.1
107	14	0.1
107	21	0.1
107	39	0.1
107	58	0.1
107	182	0.1
107	196	0.1
107	200	0.1
107	206	0.1
107	263	0.1
107	666	0.1
107	668	0.1
108	10	0.1
108	70	0.1
110	24	0.1
110	124	0.1
110	532	0.1
112	120	0.1
112	271	0.1
112	280	0.1
113	10	0.1
113	78	0.1
113	82	0.1
113	120	0.1
113	124	0.1
113	134	0.1
113	168	0.1
113	532	0.1
113	672	0.1
114	10	0.1
114	112	0.1
114	117	0.1
114	179	0.1
114	569	0.1
115	24	0.1
115	287	0.1
115	454	0.1
115	668	0.1
115	673	0.1
115	674	0.1
116	10	0.1
116	24	0.1
116	49	0.1
116	105	0.1
116	127	0.1
116	128	0.1
116	201	0.1
116	205	0.1
116	206	0.1
116	213	0.1
116	214	0.1
116	215	0.1
116	289	0.1
116	305	0.1
116	307	0.1
116	390	0.1
116	439	0.1
116	446	0.1
116	468	0.1
116	470	0.1
116	593	0.1
116	642	0.1
117	76	0.1
117	110	0.1
117	167	0.1
117	185	0.1
117	569	0.1
117	682	0.1
118	10	0.1
118	93	0.1
118	517	0.1
118	629	0.1
119	10	0.1
119	76	0.1
119	110	0.1
119	117	0.1
119	169	0.1
119	569	0.1
120	24	0.1
120	108	0.1
120	117	0.1
120	161	0.1
120	168	0.1
120	169	0.1
120	172	0.1
120	176	0.1
120	178	0.1
120	181	0.1
120	182	0.1
120	563	0.1
120	569	0.1
120	669	0.1
120	685	0.1
121	10	0.1
121	24	0.1
121	78	0.1
121	163	0.1
121	168	0.1
121	178	0.1
122	10	0.1
122	252	0.1
122	290	0.1
122	329	0.1
122	331	0.1
122	355	0.1
122	686	0.1
122	687	0.1
122	688	0.1
122	689	0.1
123	10	0.1
124	15	0.1
124	24	0.1
124	54	0.1
124	58	0.1
124	76	0.1
124	117	0.1
124	119	0.1
124	176	0.1
124	690	0.1
125	10	0.1
125	137	0.1
125	255	0.1
125	692	0.1
125	693	0.1
125	694	0.1
126	25	0.1
127	10	0.1
127	16	0.1
127	219	0.1
127	446	0.1
127	594	0.1
127	647	0.1
127	648	0.1
127	649	0.1
127	695	0.1
127	696	0.1
128	56	0.1
128	104	0.1
128	105	0.1
128	107	0.1
128	137	0.1
128	182	0.1
128	201	0.1
128	207	0.1
128	243	0.1
128	303	0.1
128	305	0.1
128	321	0.1
128	439	0.1
128	680	0.1
129	16	0.1
129	105	0.1
129	200	0.1
130	194	0.1
130	205	0.1
130	401	0.1
130	468	0.1
130	672	0.1
130	699	0.1
131	11	0.1
131	134	0.1
131	135	0.1
131	137	0.1
131	234	0.1
131	297	0.1
131	460	0.1
131	611	0.1
131	677	0.1
131	700	0.1
131	702	0.1
131	703	0.1
132	259	0.1
132	331	0.1
132	501	0.1
132	547	0.1
132	617	0.1
132	638	0.1
133	11	0.1
133	56	0.1
133	117	0.1
133	234	0.1
133	446	0.1
133	475	0.1
133	565	0.1
134	11	0.1
134	23	0.1
134	41	0.1
134	74	0.1
134	133	0.1
134	155	0.1
134	227	0.1
134	254	0.1
134	351	0.1
134	377	0.1
134	418	0.1
134	607	0.1
134	663	0.1
134	691	0.1
134	705	0.1
134	706	0.1
134	708	0.1
134	709	0.1
135	11	0.1
135	23	0.1
135	44	0.1
135	52	0.1
135	99	0.1
135	104	0.1
135	117	0.1
135	134	0.1
135	148	0.1
135	184	0.1
135	227	0.1
135	311	0.1
135	332	0.1
135	340	0.1
135	367	0.1
135	394	0.1
135	397	0.1
135	431	0.1
135	467	0.1
135	480	0.1
135	504	0.1
135	545	0.1
135	693	0.1
135	713	0.1
135	714	0.1
136	302	0.1
136	565	0.1
136	576	0.1
136	612	0.1
136	682	0.1
136	717	0.1
136	718	0.1
137	106	0.1
137	138	0.1
137	182	0.1
137	233	0.1
137	238	0.1
137	239	0.1
137	243	0.1
137	269	0.1
137	321	0.1
137	332	0.1
137	420	0.1
137	452	0.1
137	459	0.1
137	554	0.1
137	588	0.1
137	711	0.1
138	11	0.1
140	12	0.1
140	84	0.1
140	134	0.1
140	142	0.1
140	143	0.1
140	147	0.1
140	148	0.1
140	150	0.1
140	267	0.1
140	329	0.1
140	396	0.1
140	573	0.1
140	649	0.1
140	719	0.1
140	721	0.1
141	142	0.1
141	719	0.1
142	143	0.1
142	148	0.1
142	152	0.1
142	332	0.1
142	355	0.1
142	404	0.1
142	504	0.1
142	649	0.1
142	723	0.1
142	724	0.1
143	147	0.1
143	276	0.1
143	381	0.1
143	396	0.1
143	411	0.1
143	413	0.1
143	590	0.1
143	591	0.1
143	723	0.1
143	725	0.1
143	726	0.1
143	727	0.1
143	728	0.1
143	731	0.1
144	387	0.1
144	559	0.1
144	733	0.1
144	734	0.1
145	12	0.1
145	140	0.1
145	237	0.1
145	267	0.1
145	354	0.1
145	371	0.1
145	372	0.1
145	573	0.1
145	736	0.1
146	52	0.1
146	139	0.1
146	140	0.1
146	141	0.1
146	142	0.1
146	143	0.1
146	145	0.1
146	147	0.1
146	148	0.1
146	149	0.1
146	150	0.1
146	229	0.1
146	316	0.1
146	428	0.1
146	505	0.1
146	573	0.1
147	12	0.1
147	77	0.1
147	139	0.1
147	142	0.1
147	150	0.1
147	152	0.1
147	314	0.1
147	507	0.1
147	573	0.1
147	720	0.1
147	739	0.1
148	12	0.1
148	75	0.1
148	378	0.1
148	719	0.1
149	12	0.1
149	140	0.1
149	152	0.1
149	185	0.1
149	371	0.1
149	505	0.1
149	573	0.1
149	692	0.1
149	721	0.1
150	63	0.1
150	142	0.1
150	145	0.1
150	149	0.1
150	183	0.1
150	354	0.1
150	573	0.1
150	578	0.1
151	12	0.1
152	12	0.1
152	75	0.1
152	84	0.1
152	140	0.1
152	141	0.1
152	145	0.1
152	146	0.1
152	148	0.1
152	150	0.1
152	243	0.1
152	267	0.1
152	300	0.1
152	371	0.1
152	557	0.1
152	573	0.1
152	723	0.1
153	13	0.1
153	356	0.1
153	412	0.1
153	591	0.1
153	743	0.1
153	745	0.1
153	748	0.1
154	218	0.1
155	131	0.1
155	135	0.1
155	344	0.1
155	346	0.1
155	375	0.1
155	378	0.1
155	415	0.1
155	445	0.1
155	585	0.1
156	13	0.1
156	268	0.1
156	662	0.1
156	687	0.1
157	13	0.1
157	21	0.1
157	40	0.1
157	332	0.1
157	741	0.1
157	749	0.1
158	13	0.1
158	391	0.1
158	395	0.1
158	752	0.1
158	753	0.1
159	13	0.1
160	757	0.1
160	759	0.1
161	14	0.1
161	78	0.1
161	117	0.1
161	190	0.1
161	584	0.1
162	113	0.1
162	176	0.1
162	197	0.1
162	198	0.1
162	327	0.1
162	699	0.1
163	14	0.1
163	112	0.1
163	113	0.1
163	120	0.1
163	322	0.1
163	633	0.1
163	760	0.1
164	14	0.1
164	167	0.1
164	168	0.1
164	173	0.1
164	271	0.1
165	112	0.1
165	120	0.1
165	121	0.1
165	164	0.1
165	166	0.1
165	167	0.1
165	168	0.1
165	172	0.1
165	174	0.1
165	563	0.1
166	120	0.1
166	121	0.1
166	182	0.1
166	492	0.1
167	14	0.1
167	112	0.1
167	532	0.1
168	14	0.1
168	24	0.1
168	112	0.1
168	166	0.1
168	237	0.1
168	532	0.1
168	563	0.1
169	14	0.1
169	33	0.1
169	121	0.1
170	112	0.1
170	120	0.1
170	490	0.1
171	14	0.1
171	584	0.1
172	14	0.1
172	121	0.1
172	563	0.1
173	14	0.1
174	120	0.1
174	121	0.1
176	78	0.1
176	80	0.1
176	113	0.1
176	181	0.1
176	196	0.1
176	197	0.1
176	198	0.1
176	584	0.1
177	182	0.1
178	14	0.1
178	30	0.1
178	166	0.1
179	14	0.1
179	112	0.1
179	120	0.1
179	280	0.1
179	669	0.1
180	14	0.1
180	82	0.1
181	112	0.1
181	113	0.1
181	314	0.1
182	14	0.1
182	23	0.1
182	24	0.1
182	28	0.1
182	34	0.1
182	70	0.1
182	110	0.1
182	125	0.1
182	176	0.1
182	231	0.1
182	237	0.1
182	241	0.1
182	292	0.1
182	563	0.1
183	15	0.1
183	54	0.1
183	124	0.1
183	147	0.1
183	158	0.1
183	161	0.1
183	185	0.1
183	187	0.1
183	189	0.1
183	341	0.1
183	359	0.1
183	381	0.1
183	384	0.1
183	602	0.1
183	604	0.1
183	625	0.1
183	724	0.1
183	726	0.1
183	764	0.1
183	765	0.1
183	766	0.1
184	15	0.1
184	189	0.1
184	191	0.1
184	269	0.1
185	49	0.1
185	62	0.1
185	76	0.1
185	145	0.1
185	146	0.1
185	152	0.1
185	161	0.1
185	184	0.1
185	300	0.1
185	329	0.1
185	331	0.1
185	354	0.1
185	364	0.1
185	559	0.1
185	569	0.1
185	573	0.1
185	578	0.1
185	767	0.1
186	27	0.1
186	414	0.1
186	580	0.1
186	638	0.1
186	639	0.1
187	54	0.1
187	396	0.1
187	567	0.1
188	15	0.1
188	455	0.1
188	467	0.1
188	588	0.1
188	654	0.1
188	663	0.1
188	769	0.1
188	771	0.1
189	15	0.1
189	191	0.1
189	578	0.1
190	15	0.1
190	76	0.1
190	183	0.1
190	185	0.1
190	566	0.1
190	567	0.1
191	15	0.1
191	41	0.1
191	93	0.1
191	183	0.1
191	464	0.1
191	622	0.1
192	58	0.1
192	248	0.1
192	446	0.1
192	775	0.1
193	88	0.1
193	196	0.1
193	212	0.1
193	215	0.1
193	222	0.1
193	328	0.1
193	361	0.1
193	363	0.1
193	401	0.1
193	446	0.1
193	518	0.1
193	592	0.1
193	594	0.1
193	599	0.1
193	600	0.1
193	601	0.1
194	41	0.1
194	80	0.1
194	116	0.1
194	128	0.1
194	196	0.1
194	204	0.1
194	210	0.1
194	263	0.1
194	293	0.1
194	317	0.1
194	325	0.1
194	361	0.1
194	390	0.1
194	400	0.1
194	439	0.1
195	16	0.1
195	255	0.1
195	671	0.1
195	694	0.1
195	778	0.1
196	23	0.1
196	30	0.1
196	101	0.1
196	105	0.1
196	128	0.1
196	135	0.1
196	162	0.1
196	220	0.1
196	237	0.1
196	317	0.1
196	327	0.1
196	333	0.1
196	364	0.1
196	446	0.1
196	777	0.1
197	16	0.1
197	181	0.1
197	196	0.1
197	204	0.1
197	390	0.1
197	780	0.1
198	116	0.1
198	215	0.1
198	222	0.1
198	327	0.1
198	401	0.1
198	512	0.1
198	584	0.1
198	629	0.1
198	642	0.1
198	698	0.1
198	780	0.1
199	127	0.1
199	215	0.1
199	216	0.1
199	218	0.1
199	221	0.1
199	286	0.1
199	687	0.1
199	725	0.1
199	785	0.1
200	16	0.1
200	205	0.1
200	259	0.1
200	333	0.1
200	470	0.1
200	596	0.1
200	617	0.1
200	641	0.1
200	642	0.1
200	646	0.1
200	647	0.1
200	692	0.1
200	788	0.1
201	49	0.1
201	82	0.1
201	104	0.1
201	105	0.1
201	196	0.1
201	206	0.1
201	218	0.1
201	233	0.1
201	258	0.1
201	291	0.1
201	336	0.1
201	474	0.1
201	650	0.1
202	16	0.1
202	31	0.1
202	201	0.1
202	251	0.1
202	258	0.1
202	321	0.1
202	335	0.1
202	348	0.1
203	23	0.1
203	62	0.1
203	105	0.1
203	263	0.1
203	291	0.1
203	416	0.1
203	503	0.1
203	573	0.1
203	789	0.1
204	81	0.1
204	88	0.1
204	116	0.1
204	193	0.1
204	196	0.1
204	198	0.1
204	209	0.1
204	210	0.1
204	213	0.1
204	217	0.1
204	218	0.1
204	233	0.1
204	263	0.1
204	272	0.1
204	291	0.1
204	335	0.1
204	390	0.1
204	438	0.1
204	446	0.1
204	503	0.1
204	791	0.1
205	16	0.1
205	85	0.1
205	105	0.1
205	118	0.1
205	198	0.1
205	204	0.1
205	210	0.1
205	211	0.1
205	212	0.1
205	215	0.1
205	219	0.1
205	291	0.1
205	336	0.1
205	594	0.1
205	698	0.1
205	783	0.1
205	792	0.1
206	16	0.1
206	49	0.1
206	74	0.1
206	105	0.1
206	128	0.1
206	148	0.1
206	184	0.1
206	192	0.1
206	198	0.1
206	203	0.1
206	210	0.1
206	214	0.1
206	215	0.1
206	322	0.1
206	439	0.1
206	446	0.1
207	56	0.1
207	196	0.1
207	198	0.1
207	204	0.1
207	205	0.1
207	213	0.1
207	216	0.1
207	364	0.1
207	390	0.1
207	698	0.1
208	16	0.1
208	127	0.1
208	205	0.1
208	212	0.1
208	274	0.1
208	343	0.1
208	446	0.1
208	596	0.1
208	648	0.1
208	792	0.1
209	215	0.1
210	16	0.1
210	41	0.1
210	116	0.1
210	196	0.1
210	274	0.1
210	361	0.1
210	425	0.1
210	446	0.1
210	698	0.1
211	204	0.1
211	401	0.1
211	781	0.1
212	16	0.1
212	56	0.1
212	85	0.1
212	196	0.1
212	197	0.1
212	198	0.1
212	207	0.1
212	211	0.1
212	213	0.1
212	215	0.1
212	327	0.1
212	328	0.1
212	441	0.1
212	560	0.1
212	793	0.1
212	794	0.1
212	795	0.1
213	16	0.1
213	49	0.1
213	56	0.1
213	105	0.1
213	133	0.1
213	136	0.1
213	206	0.1
213	284	0.1
213	307	0.1
213	472	0.1
213	474	0.1
213	677	0.1
213	797	0.1
214	56	0.1
214	137	0.1
214	196	0.1
214	202	0.1
214	204	0.1
214	210	0.1
214	243	0.1
214	263	0.1
214	293	0.1
214	361	0.1
214	438	0.1
214	503	0.1
214	692	0.1
215	16	0.1
215	85	0.1
215	211	0.1
215	216	0.1
215	219	0.1
215	222	0.1
215	289	0.1
215	401	0.1
215	518	0.1
215	592	0.1
215	642	0.1
215	780	0.1
216	105	0.1
216	204	0.1
216	205	0.1
216	212	0.1
216	218	0.1
216	219	0.1
216	439	0.1
216	599	0.1
216	642	0.1
216	696	0.1
216	780	0.1
216	786	0.1
217	16	0.1
217	105	0.1
217	107	0.1
217	128	0.1
217	205	0.1
217	221	0.1
217	243	0.1
217	293	0.1
217	545	0.1
217	775	0.1
217	794	0.1
218	16	0.1
218	30	0.1
218	104	0.1
218	196	0.1
218	209	0.1
218	215	0.1
218	363	0.1
218	532	0.1
218	578	0.1
218	599	0.1
218	640	0.1
218	780	0.1
218	799	0.1
219	16	0.1
219	69	0.1
219	88	0.1
219	193	0.1
219	198	0.1
219	200	0.1
219	208	0.1
219	211	0.1
219	212	0.1
219	222	0.1
219	289	0.1
219	650	0.1
219	692	0.1
219	698	0.1
219	725	0.1
220	176	0.1
220	197	0.1
220	390	0.1
220	802	0.1
221	215	0.1
221	216	0.1
221	289	0.1
221	363	0.1
221	599	0.1
221	780	0.1
221	786	0.1
222	85	0.1
222	205	0.1
222	206	0.1
222	212	0.1
222	592	0.1
222	594	0.1
222	742	0.1
222	803	0.1
222	804	0.1
223	549	0.1
224	17	0.1
224	115	0.1
224	192	0.1
224	806	0.1
225	115	0.1
226	18	0.1
227	18	0.1
227	23	0.1
227	25	0.1
227	45	0.1
227	368	0.1
227	378	0.1
227	518	0.1
227	578	0.1
227	807	0.1
228	18	0.1
228	20	0.1
228	50	0.1
228	52	0.1
228	81	0.1
228	241	0.1
228	271	0.1
228	808	0.1
229	19	0.1
229	454	0.1
230	23	0.1
230	27	0.1
230	137	0.1
230	138	0.1
230	233	0.1
230	240	0.1
230	443	0.1
231	57	0.1
231	94	0.1
231	128	0.1
231	240	0.1
231	254	0.1
231	346	0.1
231	810	0.1
232	27	0.1
233	19	0.1
233	20	0.1
233	28	0.1
233	38	0.1
233	70	0.1
233	71	0.1
233	74	0.1
233	82	0.1
233	86	0.1
233	91	0.1
233	94	0.1
233	120	0.1
233	210	0.1
233	235	0.1
233	238	0.1
233	282	0.1
233	306	0.1
233	378	0.1
233	439	0.1
233	444	0.1
233	534	0.1
233	585	0.1
233	607	0.1
233	633	0.1
233	711	0.1
233	813	0.1
233	816	0.1
234	19	0.1
234	82	0.1
234	182	0.1
234	817	0.1
235	19	0.1
235	305	0.1
235	415	0.1
235	541	0.1
235	662	0.1
235	818	0.1
236	105	0.1
237	82	0.1
237	155	0.1
237	167	0.1
237	305	0.1
237	355	0.1
237	444	0.1
237	464	0.1
237	532	0.1
237	624	0.1
237	631	0.1
237	702	0.1
237	705	0.1
237	707	0.1
237	819	0.1
237	821	0.1
238	19	0.1
238	25	0.1
238	41	0.1
238	428	0.1
238	460	0.1
238	487	0.1
238	513	0.1
238	709	0.1
238	824	0.1
239	21	0.1
239	70	0.1
239	83	0.1
239	143	0.1
239	146	0.1
239	147	0.1
239	165	0.1
239	230	0.1
239	233	0.1
239	306	0.1
239	504	0.1
239	825	0.1
240	19	0.1
240	134	0.1
240	138	0.1
240	233	0.1
240	306	0.1
240	443	0.1
240	444	0.1
240	776	0.1
241	46	0.1
241	81	0.1
241	94	0.1
241	145	0.1
241	150	0.1
241	151	0.1
241	269	0.1
241	316	0.1
241	340	0.1
241	367	0.1
241	415	0.1
241	466	0.1
241	475	0.1
241	484	0.1
241	585	0.1
241	588	0.1
241	827	0.1
242	578	0.1
242	828	0.1
243	81	0.1
243	83	0.1
243	150	0.1
243	231	0.1
243	233	0.1
243	239	0.1
243	241	0.1
243	303	0.1
243	452	0.1
243	504	0.1
243	588	0.1
243	591	0.1
243	829	0.1
243	830	0.1
243	831	0.1
244	20	0.1
244	61	0.1
244	132	0.1
244	178	0.1
244	378	0.1
244	470	0.1
245	21	0.1
245	31	0.1
245	39	0.1
245	41	0.1
245	42	0.1
245	50	0.1
245	250	0.1
245	354	0.1
246	21	0.1
246	23	0.1
246	103	0.1
246	157	0.1
246	245	0.1
246	250	0.1
246	399	0.1
247	21	0.1
247	41	0.1
248	21	0.1
248	52	0.1
248	240	0.1
248	245	0.1
248	512	0.1
248	555	0.1
248	775	0.1
248	833	0.1
249	21	0.1
250	21	0.1
250	39	0.1
250	41	0.1
251	21	0.1
251	56	0.1
251	204	0.1
251	258	0.1
251	331	0.1
251	333	0.1
251	420	0.1
251	437	0.1
252	107	0.1
252	250	0.1
252	321	0.1
252	433	0.1
254	21	0.1
254	233	0.1
254	259	0.1
254	334	0.1
254	585	0.1
254	677	0.1
254	810	0.1
255	21	0.1
255	115	0.1
255	233	0.1
255	277	0.1
255	333	0.1
255	694	0.1
255	838	0.1
256	21	0.1
256	59	0.1
256	91	0.1
256	499	0.1
256	572	0.1
256	612	0.1
256	614	0.1
256	716	0.1
256	840	0.1
256	842	0.1
257	21	0.1
257	235	0.1
257	354	0.1
257	423	0.1
257	458	0.1
257	568	0.1
257	843	0.1
258	21	0.1
259	31	0.1
259	45	0.1
259	50	0.1
259	55	0.1
259	105	0.1
259	293	0.1
259	305	0.1
259	333	0.1
259	420	0.1
260	21	0.1
260	81	0.1
260	458	0.1
260	718	0.1
260	755	0.1
260	845	0.1
263	24	0.1
263	196	0.1
263	206	0.1
263	439	0.1
263	446	0.1
263	503	0.1
264	447	0.1
264	564	0.1
264	847	0.1
264	848	0.1
265	25	0.1
265	39	0.1
265	284	0.1
265	307	0.1
266	94	0.1
266	376	0.1
267	23	0.1
267	75	0.1
267	149	0.1
267	185	0.1
267	341	0.1
267	557	0.1
267	710	0.1
267	851	0.1
268	54	0.1
268	358	0.1
268	365	0.1
268	369	0.1
268	395	0.1
268	415	0.1
268	425	0.1
268	767	0.1
268	853	0.1
269	43	0.1
269	49	0.1
269	76	0.1
269	80	0.1
269	91	0.1
269	116	0.1
269	156	0.1
269	196	0.1
269	237	0.1
269	254	0.1
269	256	0.1
269	588	0.1
269	701	0.1
269	854	0.1
270	23	0.1
270	41	0.1
270	351	0.1
270	399	0.1
270	585	0.1
270	632	0.1
270	815	0.1
270	856	0.1
270	858	0.1
271	50	0.1
271	200	0.1
271	333	0.1
271	355	0.1
271	372	0.1
271	392	0.1
271	836	0.1
271	860	0.1
272	23	0.1
272	265	0.1
273	23	0.1
273	862	0.1
274	23	0.1
274	116	0.1
274	127	0.1
274	128	0.1
274	196	0.1
274	201	0.1
274	204	0.1
274	205	0.1
274	214	0.1
274	218	0.1
274	382	0.1
274	446	0.1
274	470	0.1
274	593	0.1
275	451	0.1
275	458	0.1
275	864	0.1
276	23	0.1
276	299	0.1
276	388	0.1
276	591	0.1
276	756	0.1
276	859	0.1
276	865	0.1
276	866	0.1
277	82	0.1
277	182	0.1
277	694	0.1
277	867	0.1
278	564	0.1
278	869	0.1
278	870	0.1
278	871	0.1
279	23	0.1
279	275	0.1
279	415	0.1
279	417	0.1
279	451	0.1
279	568	0.1
279	872	0.1
280	23	0.1
280	28	0.1
280	372	0.1
280	392	0.1
280	532	0.1
280	694	0.1
281	23	0.1
281	339	0.1
282	43	0.1
282	59	0.1
282	65	0.1
282	66	0.1
282	67	0.1
282	68	0.1
282	72	0.1
282	133	0.1
282	426	0.1
282	427	0.1
282	430	0.1
282	444	0.1
282	485	0.1
282	510	0.1
283	355	0.1
284	23	0.1
284	92	0.1
284	105	0.1
284	200	0.1
284	250	0.1
284	434	0.1
284	543	0.1
284	591	0.1
284	729	0.1
285	485	0.1
285	500	0.1
285	508	0.1
286	24	0.1
286	67	0.1
286	213	0.1
287	25	0.1
287	74	0.1
287	122	0.1
287	125	0.1
287	182	0.1
287	255	0.1
287	489	0.1
287	565	0.1
287	839	0.1
287	874	0.1
287	875	0.1
287	877	0.1
288	24	0.1
288	192	0.1
288	263	0.1
289	128	0.1
289	196	0.1
289	197	0.1
289	199	0.1
289	205	0.1
289	211	0.1
289	216	0.1
289	286	0.1
289	780	0.1
289	786	0.1
290	24	0.1
290	355	0.1
290	693	0.1
290	880	0.1
291	24	0.1
291	105	0.1
291	322	0.1
291	592	0.1
291	725	0.1
292	24	0.1
293	24	0.1
293	49	0.1
293	128	0.1
293	201	0.1
293	204	0.1
295	287	0.1
295	495	0.1
296	48	0.1
296	108	0.1
296	182	0.1
296	308	0.1
297	120	0.1
297	162	0.1
297	165	0.1
297	172	0.1
297	882	0.1
298	25	0.1
298	230	0.1
298	429	0.1
298	443	0.1
298	883	0.1
298	884	0.1
299	25	0.1
299	140	0.1
299	143	0.1
299	333	0.1
299	386	0.1
299	389	0.1
299	398	0.1
299	409	0.1
299	410	0.1
299	429	0.1
299	542	0.1
299	590	0.1
299	725	0.1
299	726	0.1
299	885	0.1
299	886	0.1
300	25	0.1
300	140	0.1
300	267	0.1
300	545	0.1
301	331	0.1
301	482	0.1
301	847	0.1
301	849	0.1
303	49	0.1
303	381	0.1
303	382	0.1
303	383	0.1
303	385	0.1
303	386	0.1
303	387	0.1
303	393	0.1
303	439	0.1
303	468	0.1
303	891	0.1
303	892	0.1
303	894	0.1
303	895	0.1
303	896	0.1
304	27	0.1
304	329	0.1
304	897	0.1
305	233	0.1
305	308	0.1
305	438	0.1
306	27	0.1
306	249	0.1
306	252	0.1
306	749	0.1
306	899	0.1
307	305	0.1
307	435	0.1
307	438	0.1
308	28	0.1
308	378	0.1
308	425	0.1
308	452	0.1
308	458	0.1
308	658	0.1
308	761	0.1
309	28	0.1
309	413	0.1
309	479	0.1
310	902	0.1
311	29	0.1
311	306	0.1
311	310	0.1
311	312	0.1
311	314	0.1
312	140	0.1
312	310	0.1
312	905	0.1
312	908	0.1
313	29	0.1
313	132	0.1
313	136	0.1
313	140	0.1
313	142	0.1
313	350	0.1
313	378	0.1
313	457	0.1
313	711	0.1
313	718	0.1
313	795	0.1
313	910	0.1
313	911	0.1
314	42	0.1
314	134	0.1
314	140	0.1
314	228	0.1
314	271	0.1
314	458	0.1
314	466	0.1
314	523	0.1
314	527	0.1
314	912	0.1
315	29	0.1
315	313	0.1
315	712	0.1
315	795	0.1
316	29	0.1
316	66	0.1
316	191	0.1
316	237	0.1
316	257	0.1
316	268	0.1
316	299	0.1
316	349	0.1
316	354	0.1
316	358	0.1
316	368	0.1
316	495	0.1
316	515	0.1
316	532	0.1
316	662	0.1
316	707	0.1
316	827	0.1
317	30	0.1
317	55	0.1
317	129	0.1
317	321	0.1
317	322	0.1
317	780	0.1
318	30	0.1
319	30	0.1
320	30	0.1
320	326	0.1
321	105	0.1
321	320	0.1
321	322	0.1
321	324	0.1
321	325	0.1
321	363	0.1
321	435	0.1
321	442	0.1
321	697	0.1
321	916	0.1
322	30	0.1
322	49	0.1
322	79	0.1
322	164	0.1
322	168	0.1
322	210	0.1
322	303	0.1
322	325	0.1
322	442	0.1
322	446	0.1
322	915	0.1
322	917	0.1
323	30	0.1
323	192	0.1
323	203	0.1
323	277	0.1
323	320	0.1
323	321	0.1
323	640	0.1
323	697	0.1
324	50	0.1
324	128	0.1
324	227	0.1
324	666	0.1
325	30	0.1
325	49	0.1
325	128	0.1
325	201	0.1
325	324	0.1
326	30	0.1
326	323	0.1
326	629	0.1
326	681	0.1
326	918	0.1
327	56	0.1
327	130	0.1
327	176	0.1
327	197	0.1
327	206	0.1
327	207	0.1
327	274	0.1
327	289	0.1
327	390	0.1
327	401	0.1
327	578	0.1
327	595	0.1
327	629	0.1
327	780	0.1
328	30	0.1
328	204	0.1
328	325	0.1
329	31	0.1
329	125	0.1
329	284	0.1
329	311	0.1
329	312	0.1
329	331	0.1
329	333	0.1
329	355	0.1
329	415	0.1
329	420	0.1
329	433	0.1
329	543	0.1
329	581	0.1
330	70	0.1
330	131	0.1
330	239	0.1
330	305	0.1
330	375	0.1
330	585	0.1
330	711	0.1
330	919	0.1
331	31	0.1
331	54	0.1
331	105	0.1
331	145	0.1
331	248	0.1
331	333	0.1
331	336	0.1
331	384	0.1
331	420	0.1
331	423	0.1
331	775	0.1
331	827	0.1
332	31	0.1
332	41	0.1
332	44	0.1
332	48	0.1
332	84	0.1
332	120	0.1
332	140	0.1
332	143	0.1
332	146	0.1
332	203	0.1
332	243	0.1
332	299	0.1
332	329	0.1
332	381	0.1
332	386	0.1
332	393	0.1
332	396	0.1
332	412	0.1
332	504	0.1
332	543	0.1
332	591	0.1
332	724	0.1
332	730	0.1
332	893	0.1
333	31	0.1
333	50	0.1
333	81	0.1
333	104	0.1
333	112	0.1
333	140	0.1
333	157	0.1
333	276	0.1
333	337	0.1
333	364	0.1
333	381	0.1
333	390	0.1
333	410	0.1
333	457	0.1
333	466	0.1
333	532	0.1
333	545	0.1
333	574	0.1
333	641	0.1
333	658	0.1
333	743	0.1
333	870	0.1
333	921	0.1
334	41	0.1
334	231	0.1
334	354	0.1
334	608	0.1
334	612	0.1
334	634	0.1
334	810	0.1
334	924	0.1
335	52	0.1
335	56	0.1
335	157	0.1
335	201	0.1
335	218	0.1
335	245	0.1
335	251	0.1
335	329	0.1
335	333	0.1
335	420	0.1
335	532	0.1
335	543	0.1
335	650	0.1
335	926	0.1
336	31	0.1
336	291	0.1
336	322	0.1
336	333	0.1
336	469	0.1
337	31	0.1
337	468	0.1
337	778	0.1
337	927	0.1
338	42	0.1
338	51	0.1
338	134	0.1
338	254	0.1
338	429	0.1
338	587	0.1
339	31	0.1
339	308	0.1
339	316	0.1
339	331	0.1
339	340	0.1
339	344	0.1
339	576	0.1
339	928	0.1
340	52	0.1
340	228	0.1
340	237	0.1
340	268	0.1
340	354	0.1
340	365	0.1
340	658	0.1
340	846	0.1
341	32	0.1
341	62	0.1
341	76	0.1
341	303	0.1
341	357	0.1
341	364	0.1
341	371	0.1
341	380	0.1
341	382	0.1
341	384	0.1
341	385	0.1
341	413	0.1
341	416	0.1
341	512	0.1
341	571	0.1
341	573	0.1
341	578	0.1
341	890	0.1
341	891	0.1
341	908	0.1
342	34	0.1
342	881	0.1
343	400	0.1
343	446	0.1
343	698	0.1
344	38	0.1
344	116	0.1
344	181	0.1
344	549	0.1
344	568	0.1
344	677	0.1
345	350	0.1
346	54	0.1
346	254	0.1
346	287	0.1
346	368	0.1
346	418	0.1
347	590	0.1
347	743	0.1
347	748	0.1
347	941	0.1
347	942	0.1
347	944	0.1
347	945	0.1
348	258	0.1
348	315	0.1
348	585	0.1
349	38	0.1
349	45	0.1
349	69	0.1
349	140	0.1
349	947	0.1
351	46	0.1
351	52	0.1
351	72	0.1
351	163	0.1
351	368	0.1
351	554	0.1
351	632	0.1
351	687	0.1
351	829	0.1
352	38	0.1
352	455	0.1
352	562	0.1
352	588	0.1
352	654	0.1
352	660	0.1
352	769	0.1
353	38	0.1
353	41	0.1
353	275	0.1
354	39	0.1
354	41	0.1
354	46	0.1
354	50	0.1
354	51	0.1
354	54	0.1
354	75	0.1
354	140	0.1
354	141	0.1
354	142	0.1
354	146	0.1
354	147	0.1
354	268	0.1
354	338	0.1
354	339	0.1
354	356	0.1
354	399	0.1
354	415	0.1
354	505	0.1
354	767	0.1
355	112	0.1
355	224	0.1
355	255	0.1
355	273	0.1
355	356	0.1
355	416	0.1
355	468	0.1
355	489	0.1
355	495	0.1
355	668	0.1
355	671	0.1
355	693	0.1
355	874	0.1
355	956	0.1
355	957	0.1
355	958	0.1
356	39	0.1
356	271	0.1
356	337	0.1
356	347	0.1
356	389	0.1
356	399	0.1
356	414	0.1
356	468	0.1
356	552	0.1
356	591	0.1
356	724	0.1
356	725	0.1
356	945	0.1
357	39	0.1
357	355	0.1
358	106	0.1
358	308	0.1
358	354	0.1
358	378	0.1
358	452	0.1
358	515	0.1
358	548	0.1
358	707	0.1
358	750	0.1
358	769	0.1
359	40	0.1
359	521	0.1
359	711	0.1
360	40	0.1
360	361	0.1
360	472	0.1
361	80	0.1
361	166	0.1
361	196	0.1
361	201	0.1
361	204	0.1
361	206	0.1
361	400	0.1
361	436	0.1
361	796	0.1
362	40	0.1
362	137	0.1
362	146	0.1
362	155	0.1
362	246	0.1
362	268	0.1
362	340	0.1
362	349	0.1
362	466	0.1
362	963	0.1
363	40	0.1
363	49	0.1
363	199	0.1
363	215	0.1
363	325	0.1
363	328	0.1
363	441	0.1
363	786	0.1
364	144	0.1
364	148	0.1
364	213	0.1
364	472	0.1
365	354	0.1
365	954	0.1
366	40	0.1
366	213	0.1
366	350	0.1
367	48	0.1
367	115	0.1
367	125	0.1
367	183	0.1
367	250	0.1
367	255	0.1
367	287	0.1
367	355	0.1
367	468	0.1
367	470	0.1
367	495	0.1
367	838	0.1
367	964	0.1
367	965	0.1
368	50	0.1
368	51	0.1
368	134	0.1
368	262	0.1
368	268	0.1
368	334	0.1
368	339	0.1
368	354	0.1
368	369	0.1
368	392	0.1
368	660	0.1
368	864	0.1
368	962	0.1
369	72	0.1
369	257	0.1
369	358	0.1
369	365	0.1
369	579	0.1
369	954	0.1
370	41	0.1
370	609	0.1
371	41	0.1
371	146	0.1
371	185	0.1
371	203	0.1
371	300	0.1
371	354	0.1
372	42	0.1
372	134	0.1
372	279	0.1
372	324	0.1
372	333	0.1
372	368	0.1
372	378	0.1
372	538	0.1
372	730	0.1
373	46	0.1
373	68	0.1
373	72	0.1
373	243	0.1
373	704	0.1
374	41	0.1
375	346	0.1
375	391	0.1
376	41	0.1
376	73	0.1
376	96	0.1
376	137	0.1
376	234	0.1
376	334	0.1
376	403	0.1
376	421	0.1
376	457	0.1
376	606	0.1
376	610	0.1
376	630	0.1
376	734	0.1
376	872	0.1
376	969	0.1
376	970	0.1
376	971	0.1
377	41	0.1
377	155	0.1
377	262	0.1
377	429	0.1
377	973	0.1
378	41	0.1
378	73	0.1
378	86	0.1
378	204	0.1
378	270	0.1
378	275	0.1
378	316	0.1
378	330	0.1
378	376	0.1
378	389	0.1
378	390	0.1
378	413	0.1
378	585	0.1
378	588	0.1
378	661	0.1
378	662	0.1
378	713	0.1
378	750	0.1
378	753	0.1
378	975	0.1
379	248	0.1
379	659	0.1
379	833	0.1
380	42	0.1
380	303	0.1
380	387	0.1
381	82	0.1
381	380	0.1
381	382	0.1
381	383	0.1
381	386	0.1
381	387	0.1
381	413	0.1
381	504	0.1
381	784	0.1
382	42	0.1
382	380	0.1
382	384	0.1
382	578	0.1
382	890	0.1
382	936	0.1
382	977	0.1
383	332	0.1
383	337	0.1
383	357	0.1
383	382	0.1
383	384	0.1
384	303	0.1
384	329	0.1
384	333	0.1
384	381	0.1
384	385	0.1
384	386	0.1
384	409	0.1
384	784	0.1
384	891	0.1
385	380	0.1
385	381	0.1
385	382	0.1
385	386	0.1
385	726	0.1
385	784	0.1
385	896	0.1
386	42	0.1
386	44	0.1
386	382	0.1
386	383	0.1
386	504	0.1
387	135	0.1
387	382	0.1
387	383	0.1
387	384	0.1
387	385	0.1
387	386	0.1
387	591	0.1
388	83	0.1
388	396	0.1
388	404	0.1
388	833	0.1
388	859	0.1
389	185	0.1
389	332	0.1
389	341	0.1
389	396	0.1
389	542	0.1
389	552	0.1
389	633	0.1
389	756	0.1
389	788	0.1
389	884	0.1
389	885	0.1
389	887	0.1
389	888	0.1
389	978	0.1
390	42	0.1
390	105	0.1
390	176	0.1
390	196	0.1
390	205	0.1
390	216	0.1
390	274	0.1
390	322	0.1
390	786	0.1
390	802	0.1
391	42	0.1
391	378	0.1
391	418	0.1
391	657	0.1
391	752	0.1
391	979	0.1
392	241	0.1
392	248	0.1
392	300	0.1
392	353	0.1
392	355	0.1
392	356	0.1
392	538	0.1
392	846	0.1
392	902	0.1
392	980	0.1
393	42	0.1
393	58	0.1
393	183	0.1
393	276	0.1
393	284	0.1
393	299	0.1
393	305	0.1
393	341	0.1
393	381	0.1
393	384	0.1
393	385	0.1
393	443	0.1
393	504	0.1
393	730	0.1
393	892	0.1
393	893	0.1
393	920	0.1
393	976	0.1
393	982	0.1
395	370	0.1
395	661	0.1
395	752	0.1
395	767	0.1
395	846	0.1
396	42	0.1
396	72	0.1
396	76	0.1
396	90	0.1
396	147	0.1
396	153	0.1
396	243	0.1
396	299	0.1
396	315	0.1
396	412	0.1
396	724	0.1
396	743	0.1
396	747	0.1
396	748	0.1
396	756	0.1
396	890	0.1
396	943	0.1
396	944	0.1
396	986	0.1
397	42	0.1
397	313	0.1
397	376	0.1
397	421	0.1
397	457	0.1
398	42	0.1
398	85	0.1
398	271	0.1
398	942	0.1
398	958	0.1
398	976	0.1
399	46	0.1
399	202	0.1
399	228	0.1
399	346	0.1
399	701	0.1
399	840	0.1
399	960	0.1
400	79	0.1
400	80	0.1
400	206	0.1
400	210	0.1
400	322	0.1
400	574	0.1
400	581	0.1
401	80	0.1
401	162	0.1
401	205	0.1
401	212	0.1
401	219	0.1
401	289	0.1
401	698	0.1
401	699	0.1
401	798	0.1
401	802	0.1
402	355	0.1
402	657	0.1
402	905	0.1
403	468	0.1
403	545	0.1
403	578	0.1
403	968	0.1
404	104	0.1
404	150	0.1
404	209	0.1
404	210	0.1
404	228	0.1
404	271	0.1
404	313	0.1
404	573	0.1
404	990	0.1
405	43	0.1
405	81	0.1
405	240	0.1
405	429	0.1
406	44	0.1
406	407	0.1
407	332	0.1
407	356	0.1
407	384	0.1
407	552	0.1
407	991	0.1
407	992	0.1
408	406	0.1
408	407	0.1
408	409	0.1
408	775	0.1
408	908	0.1
409	44	0.1
409	316	0.1
409	337	0.1
409	410	0.1
409	591	0.1
409	705	0.1
409	726	0.1
409	729	0.1
410	44	0.1
410	143	0.1
410	227	0.1
410	356	0.1
410	389	0.1
410	396	0.1
410	407	0.1
410	413	0.1
410	431	0.1
410	726	0.1
410	892	0.1
410	937	0.1
410	993	0.1
411	44	0.1
411	407	0.1
411	409	0.1
411	410	0.1
411	773	0.1
412	590	0.1
412	724	0.1
412	745	0.1
412	943	0.1
413	44	0.1
413	137	0.1
413	276	0.1
413	389	0.1
413	412	0.1
413	590	0.1
413	724	0.1
414	46	0.1
414	105	0.1
414	276	0.1
414	293	0.1
414	300	0.1
414	749	0.1
415	275	0.1
415	316	0.1
415	344	0.1
415	368	0.1
415	452	0.1
415	535	0.1
415	549	0.1
415	662	0.1
415	705	0.1
415	827	0.1
415	914	0.1
416	45	0.1
416	145	0.1
416	185	0.1
416	357	0.1
416	371	0.1
416	573	0.1
417	45	0.1
417	370	0.1
417	376	0.1
417	612	0.1
417	750	0.1
418	45	0.1
418	155	0.1
418	242	0.1
418	260	0.1
418	484	0.1
418	523	0.1
418	755	0.1
418	994	0.1
419	45	0.1
419	808	0.1
420	57	0.1
420	73	0.1
420	77	0.1
420	105	0.1
420	284	0.1
420	333	0.1
420	574	0.1
420	775	0.1
422	45	0.1
422	564	0.1
423	45	0.1
423	72	0.1
423	997	0.1
425	106	0.1
425	358	0.1
425	430	0.1
425	817	0.1
425	840	0.1
426	46	0.1
426	57	0.1
426	69	0.1
426	72	0.1
426	90	0.1
427	46	0.1
427	476	0.1
427	507	0.1
427	517	0.1
427	908	0.1
427	998	0.1
427	1000	0.1
428	46	0.1
429	46	0.1
429	71	0.1
429	122	0.1
429	125	0.1
429	128	0.1
429	186	0.1
429	214	0.1
429	250	0.1
429	284	0.1
429	321	0.1
429	373	0.1
429	376	0.1
429	454	0.1
429	884	0.1
429	898	0.1
429	1001	0.1
430	59	0.1
430	67	0.1
430	68	0.1
430	485	0.1
430	499	0.1
430	500	0.1
430	510	0.1
431	243	0.1
431	299	0.1
431	332	0.1
431	389	0.1
431	409	0.1
431	756	0.1
431	892	0.1
431	904	0.1
432	362	0.1
432	822	0.1
432	860	0.1
432	963	0.1
432	1005	0.1
433	47	0.1
433	331	0.1
433	337	0.1
433	802	0.1
433	927	0.1
434	48	0.1
434	159	0.1
434	239	0.1
434	271	0.1
434	299	0.1
434	332	0.1
434	333	0.1
434	389	0.1
434	396	0.1
434	402	0.1
434	404	0.1
434	409	0.1
434	410	0.1
434	414	0.1
434	542	0.1
434	724	0.1
434	748	0.1
434	884	0.1
434	885	0.1
434	993	0.1
435	49	0.1
435	116	0.1
435	128	0.1
435	691	0.1
436	49	0.1
436	401	0.1
437	49	0.1
437	56	0.1
437	105	0.1
437	130	0.1
437	213	0.1
437	274	0.1
438	201	0.1
438	314	0.1
438	322	0.1
439	196	0.1
439	210	0.1
439	218	0.1
439	274	0.1
439	322	0.1
439	393	0.1
439	437	0.1
439	650	0.1
439	1006	0.1
440	49	0.1
440	240	0.1
441	118	0.1
441	198	0.1
441	297	0.1
441	401	0.1
441	517	0.1
441	584	0.1
441	698	0.1
441	806	0.1
442	49	0.1
443	137	0.1
443	142	0.1
443	248	0.1
443	504	0.1
443	749	0.1
443	775	0.1
443	809	0.1
444	50	0.1
444	91	0.1
444	440	0.1
444	443	0.1
445	51	0.1
445	134	0.1
445	348	0.1
445	377	0.1
445	461	0.1
445	568	0.1
445	586	0.1
446	105	0.1
446	205	0.1
446	291	0.1
446	390	0.1
446	915	0.1
447	51	0.1
447	73	0.1
447	238	0.1
447	422	0.1
447	475	0.1
447	484	0.1
447	564	0.1
447	824	0.1
447	996	0.1
448	51	0.1
448	134	0.1
448	445	0.1
449	51	0.1
449	456	0.1
451	51	0.1
451	445	0.1
451	500	0.1
451	507	0.1
451	1008	0.1
452	81	0.1
452	235	0.1
452	241	0.1
452	268	0.1
452	369	0.1
452	455	0.1
452	515	0.1
452	588	0.1
452	652	0.1
452	654	0.1
452	657	0.1
452	662	0.1
452	663	0.1
452	914	0.1
452	1009	0.1
452	1010	0.1
452	1011	0.1
453	238	0.1
454	54	0.1
454	81	0.1
454	89	0.1
454	95	0.1
454	137	0.1
454	189	0.1
454	191	0.1
454	376	0.1
454	378	0.1
454	464	0.1
454	598	0.1
454	603	0.1
454	604	0.1
454	621	0.1
454	622	0.1
454	624	0.1
454	821	0.1
454	1012	0.1
454	1013	0.1
455	52	0.1
455	515	0.1
455	654	0.1
455	660	0.1
456	235	0.1
456	241	0.1
456	308	0.1
456	452	0.1
456	761	0.1
456	1009	0.1
457	94	0.1
457	96	0.1
457	135	0.1
457	315	0.1
457	334	0.1
457	417	0.1
457	468	0.1
458	235	0.1
458	276	0.1
458	391	0.1
458	548	0.1
458	707	0.1
458	840	0.1
458	1001	0.1
458	1015	0.1
459	450	0.1
459	700	0.1
459	701	0.1
459	842	0.1
459	980	0.1
459	1019	0.1
460	52	0.1
460	82	0.1
460	419	0.1
460	429	0.1
460	477	0.1
460	484	0.1
460	533	0.1
460	1021	0.1
460	1022	0.1
460	1025	0.1
460	1026	0.1
460	1027	0.1
462	818	0.1
462	990	0.1
462	1028	0.1
463	54	0.1
464	89	0.1
464	189	0.1
464	625	0.1
464	774	0.1
464	1029	0.1
465	602	0.1
466	74	0.1
466	76	0.1
466	187	0.1
466	344	0.1
466	396	0.1
466	523	0.1
466	638	0.1
467	54	0.1
467	73	0.1
467	106	0.1
467	352	0.1
467	372	0.1
467	378	0.1
467	468	0.1
467	470	0.1
467	660	0.1
467	770	0.1
467	819	0.1
468	55	0.1
468	105	0.1
468	208	0.1
468	315	0.1
468	397	0.1
468	434	0.1
468	446	0.1
468	489	0.1
468	558	0.1
468	573	0.1
468	836	0.1
468	912	0.1
468	965	0.1
469	118	0.1
470	61	0.1
470	132	0.1
470	333	0.1
470	356	0.1
470	501	0.1
470	810	0.1
471	460	0.1
471	545	0.1
471	757	0.1
471	1034	0.1
472	56	0.1
472	196	0.1
472	204	0.1
472	212	0.1
472	219	0.1
472	259	0.1
473	196	0.1
473	207	0.1
474	56	0.1
474	202	0.1
475	57	0.1
475	65	0.1
475	709	0.1
475	849	0.1
475	1007	0.1
476	65	0.1
476	480	0.1
476	757	0.1
477	447	0.1
477	483	0.1
477	486	0.1
477	933	0.1
477	996	0.1
478	57	0.1
479	57	0.1
479	480	0.1
479	554	0.1
480	875	0.1
480	996	0.1
480	1037	0.1
481	57	0.1
481	65	0.1
481	131	0.1
481	134	0.1
481	479	0.1
481	554	0.1
481	706	0.1
481	709	0.1
481	1038	0.1
481	1039	0.1
482	57	0.1
482	447	0.1
482	868	0.1
483	57	0.1
483	65	0.1
483	475	0.1
483	480	0.1
483	484	0.1
483	491	0.1
483	497	0.1
483	607	0.1
483	709	0.1
483	995	0.1
483	1022	0.1
483	1035	0.1
483	1041	0.1
484	339	0.1
484	453	0.1
484	709	0.1
484	870	0.1
484	871	0.1
484	995	0.1
485	57	0.1
485	60	0.1
485	64	0.1
485	90	0.1
485	476	0.1
486	57	0.1
486	419	0.1
486	460	0.1
486	483	0.1
486	484	0.1
486	513	0.1
486	565	0.1
486	848	0.1
486	1023	0.1
486	1036	0.1
487	57	0.1
487	134	0.1
487	460	0.1
487	481	0.1
487	483	0.1
487	757	0.1
487	1045	0.1
488	58	0.1
489	58	0.1
489	163	0.1
489	195	0.1
489	255	0.1
489	333	0.1
489	344	0.1
489	367	0.1
489	495	0.1
489	675	0.1
489	689	0.1
489	874	0.1
490	58	0.1
490	67	0.1
491	67	0.1
491	490	0.1
491	517	0.1
491	607	0.1
491	1041	0.1
494	58	0.1
495	223	0.1
495	224	0.1
495	283	0.1
495	290	0.1
497	430	0.1
497	491	0.1
497	1041	0.1
498	59	0.1
498	499	0.1
498	700	0.1
499	483	0.1
500	68	0.1
500	69	0.1
500	427	0.1
500	470	0.1
500	506	0.1
500	507	0.1
500	508	0.1
500	537	0.1
500	607	0.1
501	104	0.1
501	171	0.1
501	217	0.1
501	244	0.1
501	273	0.1
501	353	0.1
501	355	0.1
501	438	0.1
501	549	0.1
501	638	0.1
501	821	0.1
502	61	0.1
503	62	0.1
503	105	0.1
503	192	0.1
503	237	0.1
503	267	0.1
503	337	0.1
503	371	0.1
503	573	0.1
503	651	0.1
504	62	0.1
504	74	0.1
504	140	0.1
504	143	0.1
504	299	0.1
504	383	0.1
504	396	0.1
504	434	0.1
504	549	0.1
504	724	0.1
504	726	0.1
504	892	0.1
504	895	0.1
504	920	0.1
505	62	0.1
505	74	0.1
505	140	0.1
505	503	0.1
505	573	0.1
505	741	0.1
506	64	0.1
506	285	0.1
506	525	0.1
507	63	0.1
507	90	0.1
507	415	0.1
507	517	0.1
507	540	0.1
507	562	0.1
507	890	0.1
507	942	0.1
508	63	0.1
508	427	0.1
508	476	0.1
508	485	0.1
508	509	0.1
508	511	0.1
509	63	0.1
509	427	0.1
509	506	0.1
509	507	0.1
509	712	0.1
509	1050	0.1
510	64	0.1
510	68	0.1
510	72	0.1
510	90	0.1
510	485	0.1
511	65	0.1
511	68	0.1
511	72	0.1
512	809	0.1
512	833	0.1
512	834	0.1
512	896	0.1
512	992	0.1
513	333	0.1
513	419	0.1
513	460	0.1
513	471	0.1
513	808	0.1
513	848	0.1
513	1034	0.1
514	1052	0.1
516	67	0.1
517	67	0.1
517	320	0.1
518	85	0.1
518	532	0.1
518	599	0.1
518	600	0.1
518	601	0.1
520	137	0.1
520	305	0.1
520	429	0.1
521	470	0.1
521	509	0.1
521	529	0.1
521	765	0.1
522	483	0.1
522	491	0.1
522	607	0.1
523	69	0.1
523	349	0.1
523	362	0.1
523	528	0.1
523	546	0.1
523	570	0.1
523	822	0.1
523	1053	0.1
524	69	0.1
524	135	0.1
525	69	0.1
527	69	0.1
527	529	0.1
527	558	0.1
527	1054	0.1
528	73	0.1
528	226	0.1
528	549	0.1
529	903	0.1
530	70	0.1
530	950	0.1
531	70	0.1
531	881	0.1
532	117	0.1
532	120	0.1
532	182	0.1
532	227	0.1
532	355	0.1
532	367	0.1
532	654	0.1
532	680	0.1
532	687	0.1
532	831	0.1
532	1055	0.1
533	71	0.1
533	136	0.1
533	757	0.1
534	72	0.1
534	308	0.1
535	72	0.1
536	131	0.1
538	353	0.1
538	415	0.1
538	451	0.1
538	1057	0.1
539	443	0.1
539	500	0.1
540	150	0.1
540	285	0.1
540	411	0.1
540	434	0.1
541	308	0.1
541	344	0.1
541	549	0.1
541	1009	0.1
542	72	0.1
542	284	0.1
542	329	0.1
542	396	0.1
542	410	0.1
542	726	0.1
542	886	0.1
543	122	0.1
543	331	0.1
543	333	0.1
543	356	0.1
543	384	0.1
543	410	0.1
543	420	0.1
543	429	0.1
543	433	0.1
543	558	0.1
543	709	0.1
543	1034	0.1
544	73	0.1
544	362	0.1
545	73	0.1
545	105	0.1
545	122	0.1
545	200	0.1
545	339	0.1
545	465	0.1
545	641	0.1
545	709	0.1
545	721	0.1
546	429	0.1
546	569	0.1
546	1053	0.1
547	73	0.1
547	291	0.1
549	181	0.1
549	186	0.1
549	466	0.1
549	467	0.1
549	484	0.1
549	660	0.1
549	765	0.1
549	816	0.1
549	831	0.1
550	74	0.1
551	183	0.1
551	308	0.1
551	346	0.1
551	549	0.1
551	765	0.1
552	74	0.1
552	299	0.1
552	381	0.1
552	396	0.1
552	411	0.1
552	412	0.1
552	413	0.1
552	434	0.1
552	438	0.1
552	468	0.1
552	504	0.1
552	542	0.1
552	571	0.1
552	590	0.1
552	726	0.1
552	729	0.1
552	730	0.1
552	788	0.1
552	884	0.1
552	885	0.1
552	887	0.1
553	568	0.1
553	663	0.1
553	853	0.1
553	1061	0.1
554	101	0.1
554	278	0.1
554	339	0.1
554	422	0.1
554	429	0.1
554	460	0.1
554	475	0.1
554	564	0.1
554	709	0.1
554	824	0.1
554	849	0.1
554	868	0.1
554	869	0.1
554	928	0.1
554	1007	0.1
555	74	0.1
555	124	0.1
555	221	0.1
555	312	0.1
555	592	0.1
555	687	0.1
555	775	0.1
555	833	0.1
555	1063	0.1
556	144	0.1
556	267	0.1
557	75	0.1
557	721	0.1
558	314	0.1
558	333	0.1
558	529	0.1
558	903	0.1
559	75	0.1
559	152	0.1
559	741	0.1
560	1064	0.1
561	75	0.1
561	860	0.1
561	912	0.1
561	1066	0.1
562	188	0.1
562	316	0.1
562	500	0.1
562	654	0.1
562	660	0.1
562	677	0.1
562	769	0.1
563	76	0.1
563	121	0.1
564	238	0.1
564	331	0.1
564	333	0.1
564	344	0.1
564	419	0.1
564	453	0.1
564	460	0.1
564	478	0.1
564	479	0.1
564	481	0.1
564	483	0.1
564	484	0.1
564	487	0.1
564	513	0.1
564	549	0.1
564	578	0.1
564	848	0.1
564	869	0.1
564	996	0.1
565	339	0.1
565	554	0.1
565	1038	0.1
566	183	0.1
566	882	0.1
567	87	0.1
567	183	0.1
567	566	0.1
568	94	0.1
568	135	0.1
568	235	0.1
568	268	0.1
568	322	0.1
568	353	0.1
568	415	0.1
568	549	0.1
568	562	0.1
568	656	0.1
568	660	0.1
569	110	0.1
569	124	0.1
569	669	0.1
570	76	0.1
571	299	0.1
571	389	0.1
571	396	0.1
571	434	0.1
571	595	0.1
571	886	0.1
571	888	0.1
572	184	0.1
572	399	0.1
572	659	0.1
573	76	0.1
573	148	0.1
573	190	0.1
573	267	0.1
573	300	0.1
573	354	0.1
573	556	0.1
573	557	0.1
573	710	0.1
573	851	0.1
574	77	0.1
574	92	0.1
576	79	0.1
577	79	0.1
578	80	0.1
578	142	0.1
578	188	0.1
578	211	0.1
578	353	0.1
578	384	0.1
578	454	0.1
578	521	0.1
578	524	0.1
578	562	0.1
578	604	0.1
578	656	0.1
578	659	0.1
578	715	0.1
578	811	0.1
578	866	0.1
578	1069	0.1
578	1070	0.1
578	1071	0.1
579	80	0.1
579	184	0.1
579	844	0.1
581	543	0.1
581	545	0.1
582	80	0.1
582	101	0.1
583	80	0.1
584	80	0.1
584	162	0.1
584	177	0.1
584	289	0.1
584	297	0.1
584	327	0.1
584	390	0.1
584	401	0.1
584	780	0.1
584	806	0.1
585	81	0.1
585	131	0.1
585	134	0.1
585	137	0.1
585	237	0.1
585	246	0.1
585	377	0.1
585	663	0.1
585	677	0.1
585	700	0.1
585	983	0.1
586	81	0.1
586	134	0.1
586	135	0.1
586	155	0.1
586	202	0.1
586	356	0.1
587	81	0.1
588	81	0.1
588	445	0.1
588	455	0.1
588	467	0.1
588	562	0.1
588	655	0.1
588	656	0.1
588	660	0.1
588	687	0.1
588	770	0.1
588	819	0.1
588	1073	0.1
589	187	0.1
590	83	0.1
590	153	0.1
590	233	0.1
590	239	0.1
590	298	0.1
590	356	0.1
590	724	0.1
590	730	0.1
590	744	0.1
590	747	0.1
590	940	0.1
590	945	0.1
590	946	0.1
591	84	0.1
591	142	0.1
591	239	0.1
591	381	0.1
591	388	0.1
591	590	0.1
591	724	0.1
591	725	0.1
591	726	0.1
591	744	0.1
591	746	0.1
591	945	0.1
592	219	0.1
592	327	0.1
592	518	0.1
592	594	0.1
592	595	0.1
592	650	0.1
592	725	0.1
592	895	0.1
593	85	0.1
593	382	0.1
593	745	0.1
593	1075	0.1
593	1076	0.1
594	85	0.1
594	88	0.1
594	198	0.1
594	204	0.1
594	215	0.1
594	274	0.1
594	446	0.1
594	518	0.1
594	599	0.1
594	648	0.1
594	695	0.1
595	85	0.1
595	219	0.1
595	725	0.1
596	85	0.1
596	209	0.1
597	94	0.1
598	86	0.1
598	94	0.1
598	135	0.1
598	266	0.1
598	279	0.1
598	568	0.1
598	597	0.1
598	603	0.1
598	621	0.1
599	88	0.1
599	196	0.1
599	317	0.1
599	601	0.1
599	780	0.1
600	594	0.1
600	742	0.1
600	965	0.1
601	88	0.1
601	594	0.1
601	1046	0.1
602	93	0.1
602	189	0.1
602	622	0.1
602	623	0.1
603	89	0.1
603	90	0.1
603	186	0.1
603	338	0.1
603	458	0.1
603	464	0.1
603	578	0.1
603	630	0.1
604	89	0.1
605	90	0.1
605	418	0.1
605	485	0.1
606	135	0.1
607	497	0.1
607	507	0.1
607	508	0.1
608	90	0.1
608	376	0.1
609	90	0.1
609	421	0.1
610	432	0.1
610	822	0.1
610	967	0.1
610	1078	0.1
611	91	0.1
611	315	0.1
611	348	0.1
611	578	0.1
611	1001	0.1
612	91	0.1
612	376	0.1
612	533	0.1
612	572	0.1
612	610	0.1
612	968	0.1
612	985	0.1
612	1080	0.1
612	1082	0.1
612	1084	0.1
613	91	0.1
613	230	0.1
614	103	0.1
614	131	0.1
614	269	0.1
614	611	0.1
614	854	0.1
616	92	0.1
617	92	0.1
617	543	0.1
617	1085	0.1
619	92	0.1
620	92	0.1
620	270	0.1
620	336	0.1
621	603	0.1
621	604	0.1
621	737	0.1
622	93	0.1
622	189	0.1
622	1013	0.1
623	189	0.1
623	454	0.1
623	598	0.1
623	622	0.1
624	93	0.1
624	464	0.1
625	454	0.1
625	677	0.1
626	464	0.1
627	98	0.1
629	93	0.1
629	207	0.1
629	218	0.1
629	640	0.1
629	683	0.1
630	94	0.1
630	872	0.1
632	94	0.1
632	429	0.1
632	458	0.1
632	461	0.1
632	491	0.1
633	143	0.1
633	237	0.1
633	243	0.1
633	730	0.1
634	96	0.1
634	376	0.1
634	608	0.1
634	924	0.1
634	969	0.1
636	434	0.1
636	627	0.1
636	737	0.1
638	101	0.1
638	338	0.1
638	586	0.1
639	103	0.1
640	104	0.1
640	440	0.1
641	129	0.1
641	446	0.1
641	642	0.1
641	646	0.1
642	210	0.1
643	105	0.1
643	129	0.1
643	200	0.1
643	501	0.1
643	641	0.1
643	642	0.1
644	105	0.1
645	105	0.1
645	200	0.1
645	641	0.1
645	643	0.1
646	408	0.1
647	198	0.1
647	221	0.1
647	783	0.1
647	787	0.1
648	116	0.1
648	205	0.1
648	378	0.1
648	695	0.1
648	792	0.1
649	105	0.1
649	158	0.1
649	194	0.1
649	199	0.1
649	468	0.1
649	660	0.1
650	105	0.1
650	214	0.1
650	698	0.1
651	105	0.1
652	415	0.1
653	853	0.1
654	279	0.1
654	467	0.1
654	588	0.1
654	598	0.1
654	656	0.1
654	770	0.1
655	106	0.1
656	106	0.1
656	352	0.1
656	452	0.1
656	769	0.1
657	106	0.1
657	268	0.1
657	752	0.1
657	825	0.1
658	106	0.1
658	987	0.1
658	1089	0.1
659	256	0.1
659	268	0.1
659	425	0.1
659	853	0.1
660	106	0.1
660	188	0.1
660	233	0.1
660	257	0.1
660	344	0.1
660	423	0.1
660	501	0.1
660	564	0.1
660	654	0.1
660	677	0.1
660	769	0.1
660	1060	0.1
661	158	0.1
661	338	0.1
661	657	0.1
661	984	0.1
662	106	0.1
662	137	0.1
662	451	0.1
662	589	0.1
662	715	0.1
663	268	0.1
663	481	0.1
663	691	0.1
663	706	0.1
663	1090	0.1
664	106	0.1
664	660	0.1
666	259	0.1
666	355	0.1
667	107	0.1
668	290	0.1
668	495	0.1
668	694	0.1
669	110	0.1
669	114	0.1
669	119	0.1
670	112	0.1
671	112	0.1
671	280	0.1
671	290	0.1
671	578	0.1
671	778	0.1
672	210	0.1
672	259	0.1
672	367	0.1
673	329	0.1
674	224	0.1
675	115	0.1
675	195	0.1
675	224	0.1
675	367	0.1
675	480	0.1
675	694	0.1
675	875	0.1
676	116	0.1
676	210	0.1
676	305	0.1
677	116	0.1
677	155	0.1
677	404	0.1
677	638	0.1
678	116	0.1
678	196	0.1
678	223	0.1
679	116	0.1
680	116	0.1
680	211	0.1
680	1093	0.1
681	116	0.1
683	118	0.1
684	118	0.1
684	126	0.1
686	284	0.1
686	581	0.1
687	250	0.1
687	306	0.1
687	367	0.1
687	433	0.1
687	434	0.1
687	453	0.1
687	543	0.1
687	703	0.1
688	214	0.1
688	300	0.1
688	367	0.1
688	452	0.1
689	273	0.1
689	495	0.1
691	124	0.1
691	168	0.1
691	196	0.1
691	355	0.1
691	481	0.1
691	585	0.1
691	706	0.1
692	233	0.1
692	321	0.1
692	687	0.1
693	367	0.1
693	1086	0.1
694	290	0.1
694	355	0.1
694	489	0.1
694	495	0.1
694	689	0.1
695	196	0.1
695	198	0.1
695	206	0.1
695	219	0.1
695	274	0.1
695	446	0.1
695	593	0.1
695	696	0.1
695	786	0.1
696	219	0.1
696	472	0.1
696	650	0.1
697	128	0.1
697	320	0.1
697	403	0.1
697	775	0.1
697	790	0.1
698	130	0.1
698	192	0.1
698	211	0.1
698	212	0.1
698	215	0.1
698	512	0.1
698	687	0.1
698	790	0.1
699	297	0.1
699	441	0.1
699	584	0.1
699	1095	0.1
700	183	0.1
700	614	0.1
701	131	0.1
701	499	0.1
702	156	0.1
702	250	0.1
702	269	0.1
704	131	0.1
704	454	0.1
704	661	0.1
704	687	0.1
704	775	0.1
705	194	0.1
705	351	0.1
705	532	0.1
706	585	0.1
706	847	0.1
706	994	0.1
706	1039	0.1
706	1043	0.1
706	1098	0.1
707	134	0.1
707	825	0.1
707	954	0.1
707	1010	0.1
708	454	0.1
708	598	0.1
709	564	0.1
709	816	0.1
709	1035	0.1
709	1038	0.1
710	135	0.1
710	733	0.1
710	851	0.1
711	135	0.1
711	186	0.1
711	252	0.1
711	269	0.1
711	350	0.1
711	466	0.1
711	521	0.1
712	135	0.1
712	313	0.1
712	795	0.1
715	135	0.1
715	183	0.1
715	598	0.1
715	950	0.1
716	136	0.1
718	508	0.1
718	812	0.1
719	267	0.1
720	140	0.1
720	354	0.1
720	557	0.1
721	543	0.1
721	710	0.1
722	140	0.1
723	141	0.1
723	737	0.1
724	389	0.1
724	744	0.1
724	940	0.1
724	958	0.1
725	284	0.1
725	390	0.1
725	408	0.1
725	438	0.1
725	542	0.1
725	552	0.1
725	600	0.1
725	729	0.1
725	730	0.1
725	787	0.1
725	798	0.1
726	389	0.1
726	412	0.1
726	434	0.1
726	571	0.1
726	725	0.1
726	729	0.1
726	788	0.1
726	887	0.1
726	978	0.1
727	351	0.1
728	992	0.1
728	1003	0.1
729	143	0.1
729	299	0.1
729	305	0.1
729	389	0.1
729	434	0.1
729	438	0.1
729	542	0.1
729	859	0.1
730	143	0.1
730	299	0.1
730	381	0.1
730	386	0.1
730	407	0.1
730	500	0.1
730	504	0.1
730	945	0.1
730	981	0.1
730	983	0.1
731	406	0.1
731	408	0.1
731	450	0.1
731	728	0.1
731	974	0.1
732	144	0.1
732	710	0.1
735	145	0.1
735	152	0.1
736	185	0.1
736	341	0.1
736	371	0.1
736	505	0.1
736	937	0.1
737	146	0.1
737	149	0.1
737	152	0.1
738	147	0.1
739	152	0.1
740	152	0.1
741	152	0.1
741	598	0.1
741	603	0.1
742	152	0.1
742	185	0.1
742	596	0.1
743	412	0.1
743	590	0.1
743	591	0.1
743	748	0.1
743	944	0.1
744	153	0.1
744	356	0.1
744	745	0.1
744	746	0.1
744	783	0.1
744	945	0.1
745	356	0.1
745	396	0.1
745	940	0.1
745	945	0.1
746	153	0.1
746	347	0.1
746	724	0.1
746	743	0.1
746	745	0.1
747	153	0.1
747	356	0.1
747	724	0.1
748	590	0.1
748	744	0.1
748	745	0.1
748	746	0.1
750	158	0.1
750	271	0.1
750	356	0.1
750	872	0.1
751	158	0.1
752	661	0.1
753	395	0.1
753	754	0.1
754	158	0.1
754	661	0.1
754	812	0.1
755	158	0.1
755	508	0.1
755	706	0.1
756	159	0.1
756	299	0.1
756	398	0.1
756	434	0.1
756	542	0.1
756	552	0.1
756	571	0.1
756	590	0.1
756	726	0.1
756	730	0.1
756	885	0.1
756	886	0.1
756	887	0.1
756	888	0.1
757	460	0.1
757	486	0.1
757	513	0.1
757	582	0.1
757	848	0.1
757	1027	0.1
757	1045	0.1
757	1101	0.1
758	160	0.1
761	176	0.1
761	339	0.1
761	340	0.1
761	935	0.1
762	182	0.1
762	564	0.1
763	182	0.1
764	498	0.1
765	313	0.1
765	359	0.1
765	466	0.1
765	523	0.1
765	528	0.1
765	795	0.1
765	822	0.1
765	1053	0.1
766	187	0.1
766	774	0.1
767	365	0.1
767	367	0.1
768	186	0.1
769	256	0.1
769	467	0.1
769	588	0.1
769	654	0.1
769	770	0.1
769	953	0.1
770	188	0.1
770	975	0.1
771	515	0.1
771	953	0.1
771	1104	0.1
772	188	0.1
772	451	0.1
772	588	0.1
772	654	0.1
772	660	0.1
772	819	0.1
773	189	0.1
773	649	0.1
774	189	0.1
774	896	0.1
775	193	0.1
775	198	0.1
775	230	0.1
775	407	0.1
775	429	0.1
775	512	0.1
775	650	0.1
775	756	0.1
775	809	0.1
776	192	0.1
777	194	0.1
779	196	0.1
780	196	0.1
780	199	0.1
780	786	0.1
781	196	0.1
781	289	0.1
781	390	0.1
782	197	0.1
783	198	0.1
783	293	0.1
783	649	0.1
783	703	0.1
783	786	0.1
784	199	0.1
784	380	0.1
784	382	0.1
784	885	0.1
786	199	0.1
786	215	0.1
786	596	0.1
786	599	0.1
786	647	0.1
787	200	0.1
788	299	0.1
788	410	0.1
788	434	0.1
788	571	0.1
788	756	0.1
788	886	0.1
788	887	0.1
788	888	0.1
790	204	0.1
790	219	0.1
792	211	0.1
792	212	0.1
792	219	0.1
793	213	0.1
793	738	0.1
793	1005	0.1
793	1067	0.1
793	1069	0.1
793	1078	0.1
795	1066	0.1
796	213	0.1
796	384	0.1
797	698	0.1
798	216	0.1
800	219	0.1
801	219	0.1
801	698	0.1
802	1106	0.1
805	223	0.1
806	225	0.1
806	495	0.1
806	699	0.1
808	471	0.1
808	564	0.1
808	757	0.1
808	1097	0.1
809	230	0.1
809	248	0.1
809	379	0.1
809	389	0.1
809	794	0.1
809	833	0.1
811	233	0.1
811	302	0.1
811	480	0.1
811	1037	0.1
812	233	0.1
812	239	0.1
813	239	0.1
814	233	0.1
815	233	0.1
816	270	0.1
816	447	0.1
816	565	0.1
816	823	0.1
816	847	0.1
816	849	0.1
817	308	0.1
817	429	0.1
817	456	0.1
818	501	0.1
819	770	0.1
819	952	0.1
819	1058	0.1
820	237	0.1
820	853	0.1
821	464	0.1
821	624	0.1
821	734	0.1
822	237	0.1
822	528	0.1
822	1053	0.1
823	238	0.1
824	278	0.1
824	422	0.1
824	564	0.1
824	565	0.1
825	814	0.1
826	240	0.1
826	243	0.1
829	270	0.1
832	244	0.1
833	504	0.1
833	542	0.1
833	775	0.1
833	834	0.1
834	248	0.1
834	443	0.1
834	555	0.1
834	775	0.1
834	809	0.1
835	251	0.1
835	391	0.1
836	255	0.1
836	451	0.1
836	470	0.1
836	518	0.1
836	671	0.1
836	859	0.1
836	1010	0.1
836	1111	0.1
837	255	0.1
837	290	0.1
837	880	0.1
838	290	0.1
838	355	0.1
838	837	0.1
839	255	0.1
840	391	0.1
840	459	0.1
840	700	0.1
840	701	0.1
840	980	0.1
841	256	0.1
841	353	0.1
844	257	0.1
844	308	0.1
844	351	0.1
846	260	0.1
846	657	0.1
846	812	0.1
847	278	0.1
847	481	0.1
847	1035	0.1
847	1039	0.1
847	1043	0.1
848	278	0.1
848	419	0.1
848	460	0.1
848	471	0.1
848	808	0.1
848	1034	0.1
848	1045	0.1
849	264	0.1
849	479	0.1
849	482	0.1
849	564	0.1
849	709	0.1
849	1035	0.1
849	1037	0.1
850	265	0.1
850	807	0.1
851	416	0.1
852	267	0.1
853	691	0.1
853	707	0.1
853	929	0.1
855	269	0.1
855	603	0.1
855	869	0.1
855	923	0.1
857	270	0.1
859	271	0.1
859	354	0.1
859	409	0.1
859	633	0.1
860	312	0.1
860	555	0.1
860	907	0.1
860	963	0.1
861	271	0.1
861	333	0.1
861	711	0.1
861	988	0.1
861	989	0.1
861	1050	0.1
863	274	0.1
864	427	0.1
865	976	0.1
865	1113	0.1
868	278	0.1
868	427	0.1
868	564	0.1
868	824	0.1
868	855	0.1
869	483	0.1
869	854	0.1
869	868	0.1
870	351	0.1
870	476	0.1
870	824	0.1
870	868	0.1
870	871	0.1
870	1038	0.1
871	855	0.1
872	370	0.1
872	417	0.1
872	606	0.1
872	609	0.1
872	634	0.1
873	287	0.1
874	495	0.1
875	295	0.1
875	495	0.1
876	287	0.1
877	297	0.1
878	287	0.1
878	489	0.1
878	495	0.1
879	287	0.1
879	367	0.1
879	699	0.1
880	668	0.1
881	296	0.1
881	308	0.1
881	330	0.1
882	377	0.1
882	441	0.1
883	586	0.1
884	299	0.1
884	341	0.1
884	383	0.1
884	413	0.1
884	688	0.1
884	692	0.1
884	775	0.1
884	1116	0.1
885	571	0.1
885	726	0.1
885	788	0.1
885	887	0.1
886	389	0.1
886	434	0.1
886	552	0.1
886	726	0.1
886	885	0.1
886	888	0.1
887	299	0.1
887	434	0.1
887	571	0.1
887	886	0.1
888	299	0.1
888	434	0.1
888	542	0.1
888	552	0.1
888	726	0.1
888	885	0.1
888	887	0.1
889	303	0.1
889	341	0.1
889	357	0.1
889	512	0.1
889	891	0.1
890	303	0.1
890	381	0.1
890	385	0.1
890	388	0.1
890	784	0.1
890	978	0.1
890	1117	0.1
891	357	0.1
891	578	0.1
891	784	0.1
891	896	0.1
891	907	0.1
892	341	0.1
892	381	0.1
892	384	0.1
892	396	0.1
892	409	0.1
893	303	0.1
893	504	0.1
894	393	0.1
894	895	0.1
894	920	0.1
894	981	0.1
894	982	0.1
894	983	0.1
895	332	0.1
895	393	0.1
895	784	0.1
895	920	0.1
896	341	0.1
896	357	0.1
896	384	0.1
896	889	0.1
896	924	0.1
898	306	0.1
898	1118	0.1
899	311	0.1
899	900	0.1
900	306	0.1
900	711	0.1
901	307	0.1
902	314	0.1
902	527	0.1
902	558	0.1
902	561	0.1
902	912	0.1
903	310	0.1
903	795	0.1
904	312	0.1
904	408	0.1
904	512	0.1
904	908	0.1
905	332	0.1
905	356	0.1
906	312	0.1
907	312	0.1
907	432	0.1
907	911	0.1
907	1005	0.1
907	1067	0.1
908	336	0.1
908	512	0.1
908	719	0.1
908	833	0.1
908	992	0.1
908	1003	0.1
909	313	0.1
910	1069	0.1
910	1078	0.1
910	1105	0.1
912	527	0.1
912	558	0.1
912	1054	0.1
912	1066	0.1
913	316	0.1
914	316	0.1
915	319	0.1
919	429	0.1
919	1119	0.1
920	332	0.1
920	981	0.1
921	358	0.1
921	1090	0.1
922	333	0.1
922	460	0.1
922	486	0.1
923	334	0.1
923	457	0.1
923	612	0.1
924	608	0.1
924	985	0.1
925	334	0.1
925	598	0.1
926	799	0.1
929	339	0.1
929	368	0.1
929	425	0.1
930	339	0.1
930	354	0.1
930	761	0.1
931	339	0.1
931	1011	0.1
931	1121	0.1
932	339	0.1
932	432	0.1
932	468	0.1
932	963	0.1
932	1005	0.1
933	339	0.1
934	340	0.1
935	340	0.1
935	658	0.1
935	987	0.1
936	341	0.1
936	784	0.1
936	889	0.1
936	896	0.1
937	341	0.1
938	341	0.1
938	384	0.1
938	387	0.1
939	344	0.1
940	347	0.1
940	748	0.1
940	946	0.1
941	724	0.1
941	940	0.1
941	942	0.1
943	347	0.1
945	724	0.1
945	743	0.1
945	746	0.1
946	347	0.1
946	356	0.1
946	724	0.1
948	350	0.1
949	350	0.1
950	352	0.1
950	451	0.1
950	538	0.1
951	352	0.1
951	588	0.1
952	352	0.1
952	467	0.1
952	588	0.1
952	950	0.1
953	352	0.1
953	368	0.1
953	392	0.1
953	588	0.1
953	598	0.1
953	656	0.1
953	819	0.1
954	353	0.1
954	568	0.1
954	588	0.1
954	962	0.1
955	354	0.1
957	422	0.1
957	479	0.1
957	480	0.1
957	564	0.1
957	811	0.1
957	995	0.1
958	388	0.1
958	396	0.1
958	942	0.1
959	355	0.1
960	356	0.1
960	572	0.1
960	1122	0.1
961	356	0.1
961	590	0.1
962	358	0.1
962	365	0.1
962	660	0.1
965	742	0.1
966	367	0.1
967	376	0.1
968	376	0.1
968	1080	0.1
972	377	0.1
974	378	0.1
975	691	0.1
976	380	0.1
976	728	0.1
976	773	0.1
976	831	0.1
976	894	0.1
976	895	0.1
976	981	0.1
979	496	0.1
979	498	0.1
979	657	0.1
980	572	0.1
980	1068	0.1
981	393	0.1
981	504	0.1
981	895	0.1
981	983	0.1
982	730	0.1
983	393	0.1
983	413	0.1
983	895	0.1
983	920	0.1
983	976	0.1
984	395	0.1
985	396	0.1
985	608	0.1
985	634	0.1
986	724	0.1
986	958	0.1
987	401	0.1
987	699	0.1
987	1087	0.1
988	402	0.1
988	714	0.1
989	402	0.1
989	1050	0.1
990	665	0.1
990	818	0.1
992	731	0.1
992	1003	0.1
995	418	0.1
995	460	0.1
995	477	0.1
995	482	0.1
995	486	0.1
995	564	0.1
996	422	0.1
996	705	0.1
996	957	0.1
996	995	0.1
998	1125	0.1
999	427	0.1
999	507	0.1
1001	499	0.1
1001	687	0.1
1001	1049	0.1
1002	429	0.1
1002	460	0.1
1002	922	0.1
1003	431	0.1
1003	731	0.1
1004	432	0.1
1004	907	0.1
1005	860	0.1
1005	910	0.1
1005	1004	0.1
1007	447	0.1
1007	687	0.1
1008	483	0.1
1009	462	0.1
1009	555	0.1
1009	990	0.1
1009	1127	0.1
1010	467	0.1
1011	894	0.1
1013	464	0.1
1014	454	0.1
1014	636	0.1
1016	458	0.1
1016	521	0.1
1017	459	0.1
1018	459	0.1
1019	613	0.1
1019	1017	0.1
1019	1068	0.1
1020	460	0.1
1020	475	0.1
1020	477	0.1
1020	486	0.1
1020	757	0.1
1023	460	0.1
1023	808	0.1
1023	923	0.1
1024	460	0.1
1024	484	0.1
1025	757	0.1
1026	487	0.1
1026	564	0.1
1026	757	0.1
1026	995	0.1
1026	1045	0.1
1030	466	0.1
1031	466	0.1
1031	587	0.1
1032	468	0.1
1032	598	0.1
1032	1069	0.1
1033	468	0.1
1034	808	0.1
1035	475	0.1
1035	870	0.1
1035	1039	0.1
1035	1043	0.1
1036	477	0.1
1036	824	0.1
1037	479	0.1
1037	957	0.1
1038	706	0.1
1038	1035	0.1
1040	483	0.1
1041	607	0.1
1042	483	0.1
1043	483	0.1
1043	849	0.1
1043	995	0.1
1043	1039	0.1
1043	1098	0.1
1044	487	0.1
1046	489	0.1
1047	495	0.1
1047	675	0.1
1048	498	0.1
1048	764	0.1
1049	499	0.1
1050	504	0.1
1050	711	0.1
1050	988	0.1
1051	512	0.1
1051	904	0.1
1053	1129	0.1
1054	558	0.1
1054	561	0.1
1056	535	0.1
1058	546	0.1
1058	900	0.1
1059	549	0.1
1060	553	0.1
1061	568	0.1
1062	554	0.1
1062	598	0.1
1062	828	0.1
1062	928	0.1
1063	958	0.1
1065	561	0.1
1065	912	0.1
1066	902	0.1
1066	1105	0.1
1067	578	0.1
1067	687	0.1
1067	910	0.1
1067	1004	0.1
1067	1005	0.1
1067	1069	0.1
1067	1070	0.1
1067	1078	0.1
1068	578	0.1
1068	1017	0.1
1069	907	0.1
1069	1004	0.1
1069	1005	0.1
1069	1070	0.1
1069	1078	0.1
1069	1105	0.1
1070	1005	0.1
1070	1105	0.1
1072	587	0.1
1073	770	0.1
1073	1130	0.1
1074	592	0.1
1075	748	0.1
1077	598	0.1
1078	634	0.1
1078	1032	0.1
1078	1079	0.1
1079	610	0.1
1080	1084	0.1
1081	612	0.1
1083	612	0.1
1084	661	0.1
1084	968	0.1
1086	651	0.1
1087	658	0.1
1087	935	0.1
1088	658	0.1
1088	1089	0.1
1091	664	0.1
1092	671	0.1
1094	694	0.1
1095	878	0.1
1096	701	0.1
1097	705	0.1
1097	1024	0.1
1098	709	0.1
1098	847	0.1
1098	848	0.1
1098	849	0.1
1098	1035	0.1
1098	1039	0.1
1098	1112	0.1
1099	714	0.1
1100	724	0.1
1100	958	0.1
1102	765	0.1
1103	768	0.1
1105	793	0.1
1105	1004	0.1
1105	1005	0.1
1105	1067	0.1
1107	824	0.1
1108	834	0.1
1109	836	0.1
1110	836	0.1
1112	855	0.1
1112	868	0.1
1112	869	0.1
1112	995	0.1
1112	1045	0.1
1113	859	0.1
1114	870	0.1
1115	874	0.1
1120	930	0.1
1123	979	0.1
1123	997	0.1
1124	981	0.1
1126	1001	0.1
1128	1023	0.1
1131	1080	0.1
1132	1087	0.1
1133	1096	0.1
