0	0.45
1	0.24
2	0.72
3	0.17
4	0.85
5	0.33
6	1.21
7	0.94
8	1.11
9	1.37
10	0.69
11	0.59
12	0.8
13	1.17
14	1.03
15	1.05
16	1.07
17	0.91
18	1.16
19	0.6
20	0.19
21	0.09
22	0.37
23	1.35
24	0.33
25	0.29
26	0.04
27	0.62
28	1.07
29	0.69
30	0.4
31	0.46
32	0.88
33	1.1
34	1.39
35	0.98
36	1.28
37	0.88
38	0.02
39	0.84
40	0.87
41	0.83
42	1.25
43	0.16
44	1.29
45	1.39
46	1.38
47	0.41
48	0.21
49	0.15
50	1.0
51	0.29
52	0.44
53	0.74
54	0.27
55	1.33
56	0.85
57	0.82
58	1.13
59	0.64
60	1.04
61	1.0
62	0.98
63	1.33
64	1.17
65	1.44
66	0.14
67	1.12
68	0.12
69	0.87
70	0.97
71	0.57
72	0.18
73	0.79
74	0.5
75	0.54
76	1.38
77	0.29
78	0.71
79	0.42
80	0.52
81	0.03
82	1.31
83	0.03
84	1.14
85	0.95
86	0.75
87	0.58
88	1.24
89	1.31
90	1.14
91	0.32
92	0.57
93	0.69
94	1.21
95	0.68
96	0.88
97	0.07
98	0.42
99	1.12
100	1.14
101	0.03
102	0.49
103	0.78
104	1.16
105	0.91
106	1.22
107	0.36
108	0.97
109	0.81
110	1.39
111	1.08
112	0.26
113	0.68
114	0.12
115	0.39
116	0.56
117	1.42
118	0.17
119	0.25
120	1.13
121	0.28
122	0.41
123	0.78
124	0.3
125	1.4
126	0.6
127	0.56
128	0.91
129	0.93
130	0.24
131	1.02
132	1.12
133	0.24
134	1.34
135	1.39
136	0.94
137	0.49
138	0.84
139	0.81
140	1.43
141	1.33
142	0.15
143	0.74
144	1.34
145	0.36
146	0.86
147	0.02
148	1.17
149	0.23
150	0.06
151	1.43
152	1.4
153	1.02
154	1.44
155	0.75
156	1.34
157	0.78
158	0.18
159	0.37
160	1.43
161	1.41
162	0.07
163	1.31
164	0.87
165	0.86
166	1.3
167	0.93
168	1.38
169	0.48
170	1.0
171	1.1
172	1.27
173	0.56
174	1.36
175	1.13
176	0.24
177	0.6
178	0.19
179	0.23
180	1.37
181	0.45
182	0.45
183	1.4
184	0.32
185	0.87
186	0.23
187	1.22
188	0.13
189	0.24
190	0.86
191	0.04
192	0.88
193	0.87
194	1.35
195	0.07
196	1.11
197	0.48
198	0.71
199	0.15
200	0.06
201	0.3
202	0.1
203	0.91
204	1.09
205	1.41
206	1.08
207	0.33
208	0.48
209	0.55
210	0.74
211	0.29
212	1.22
213	0.35
214	0.67
215	0.2
216	0.91
217	0.81
218	0.54
219	0.34
220	1.02
221	0.06
222	0.81
223	0.38
224	0.74
225	0.06
226	1.43
227	1.33
228	1.22
229	0.9
230	0.62
231	0.99
232	0.88
233	0.08
234	0.76
235	1.28
236	0.4
237	0.8
238	0.29
239	0.52
240	0.12
241	0.3
242	1.4
243	1.38
244	1.13
245	0.65
246	0.87
247	0.42
248	0.85
249	0.61
250	0.57
251	0.88
252	0.43
253	0.6
254	0.36
255	0.21
256	0.55
257	0.12
258	1.21
259	0.35
260	0.18
261	1.14
262	0.55
263	0.33
264	1.29
265	1.1
266	0.35
267	0.63
268	0.66
269	0.19
270	0.06
271	0.21
272	1.18
273	1.38
274	0.86
275	0.96
276	0.98
277	0.84
278	0.54
279	1.37
280	0.02
281	0.52
282	0.8
283	0.75
284	0.61
285	0.79
286	0.11
287	1.35
288	0.94
289	0.96
290	1.16
291	0.66
292	0.56
293	0.98
294	0.78
295	0.07
296	0.7
297	0.84
298	1.14
299	0.98
300	1.36
301	0.19
302	0.35
303	1.09
304	1.29
305	0.63
306	0.85
307	0.3
308	1.22
309	1.4
310	0.26
311	0.9
312	0.81
313	0.55
314	0.42
315	1.04
316	1.2
317	0.94
318	0.02
319	0.93
320	0.92
321	1.24
322	0.5
323	1.13
324	1.22
325	1.21
326	0.81
327	1.09
328	0.45
329	0.25
330	0.41
331	1.26
332	0.87
333	1.11
334	0.78
335	1.22
336	0.45
337	0.17
338	1.44
339	0.77
340	1.16
341	0.18
342	0.14
343	1.35
344	0.21
345	0.4
346	0.85
347	1.1
348	0.37
349	1.19
350	0.44
351	0.66
352	0.64
353	1.1
354	1.27
355	0.86
356	0.86
357	1.37
358	0.4
359	1.08
360	1.12
361	0.87
362	0.68
363	0.55
364	1.17
365	0.97
366	1.0
367	0.84
368	1.04
369	0.2
370	1.32
371	0.64
372	0.05
373	0.29
374	0.7
375	0.46
376	0.47
377	0.91
378	0.39
379	0.98
380	1.23
381	0.12
382	1.28
383	1.06
384	1.17
385	0.64
386	1.31
387	1.03
388	0.94
389	0.71
390	1.35
391	1.26
392	0.86
393	0.37
394	0.64
395	1.34
396	1.23
397	0.25
398	1.11
399	1.18
400	0.89
401	0.47
402	1.14
403	0.33
404	1.35
405	1.23
406	1.03
407	0.6
408	0.82
409	0.61
410	0.91
411	1.39
412	0.69
413	0.54
414	1.13
415	0.19
416	1.28
417	0.67
418	0.06
419	1.29
420	0.9
421	0.96
422	1.27
423	1.04
424	0.16
425	0.27
426	1.22
427	1.44
428	1.37
429	1.28
430	1.26
431	0.2
432	0.59
433	1.05
434	0.47
435	0.51
436	1.33
437	0.08
438	0.62
439	1.0
440	0.86
441	1.43
442	1.33
443	0.54
444	0.1
445	0.11
446	0.6
447	0.09
448	1.24
449	0.7
450	0.71
451	1.12
452	0.92
453	0.74
454	1.26
455	0.45
456	0.2
457	0.9
458	0.12
459	1.32
460	0.56
461	1.26
462	1.02
463	1.28
464	0.81
465	0.03
466	0.86
467	0.81
468	1.01
469	0.17
470	1.29
471	0.81
472	0.55
473	0.54
474	0.34
475	0.3
476	0.1
477	0.91
478	1.3
479	0.44
480	0.98
481	1.24
482	0.62
483	1.44
484	1.41
485	0.77
486	1.36
487	0.93
488	0.16
489	1.21
490	0.6
491	1.02
492	0.4
493	0.05
494	1.05
495	1.0
496	0.78
497	1.32
498	0.52
499	0.24
500	0.23
501	0.58
502	1.16
503	1.36
504	0.98
505	1.26
506	1.4
507	0.76
508	0.23
509	0.75
510	0.85
511	0.15
512	0.91
513	0.11
514	1.21
515	0.31
516	0.76
517	0.31
518	0.29
519	0.92
520	0.67
521	0.06
522	0.84
523	1.43
524	1.12
525	0.67
526	1.06
527	1.07
528	0.01
529	0.55
530	0.01
531	0.74
532	1.05
533	0.27
534	1.25
535	1.2
536	0.76
537	0.94
538	1.43
539	1.19
540	0.32
541	0.67
542	0.19
543	1.07
544	0.74
545	0.21
546	1.17
547	1.42
548	0.21
549	1.13
550	1.0
551	0.01
552	0.18
553	0.39
554	0.31
555	0.54
556	1.03
557	0.26
558	0.58
559	0.59
560	0.26
561	0.24
562	0.24
563	1.28
564	1.01
565	0.34
566	0.09
567	1.01
568	1.3
569	0.88
570	0.03
571	0.99
572	1.11
573	1.07
574	0.79
575	0.72
576	0.18
577	1.29
578	1.02
579	0.9
580	1.03
581	1.11
582	0.45
583	0.42
584	1.35
585	0.94
586	0.15
587	0.15
588	1.21
589	0.28
590	1.21
591	0.93
592	0.07
593	0.37
594	0.99
595	0.35
596	0.79
597	1.31
598	0.53
599	1.39
600	0.06
601	1.16
602	0.33
603	0.07
604	1.41
605	0.03
606	0.38
607	0.14
608	1.1
609	0.13
610	0.94
611	0.82
612	0.22
613	0.03
614	0.04
615	1.07
616	0.65
617	1.09
618	0.67
619	1.37
620	0.07
621	0.32
622	0.66
623	0.75
624	0.49
625	0.94
626	0.69
627	0.99
628	1.19
629	1.32
630	0.38
631	1.1
632	0.86
633	1.18
634	0.57
635	0.09
636	0.34
637	0.11
638	1.32
639	0.22
640	1.23
641	0.62
642	0.28
643	0.96
644	0.56
645	0.2
646	0.48
647	1.17
648	0.97
649	1.18
650	1.18
651	0.15
652	1.11
653	1.33
654	0.56
655	1.36
656	1.34
657	0.31
658	0.06
659	1.4
660	1.3
661	0.89
662	0.92
663	0.52
664	1.12
665	0.34
666	1.13
667	1.2
668	0.06
669	1.15
670	0.11
671	0.8
672	1.11
673	1.19
674	0.28
675	1.13
676	0.05
677	0.57
678	0.41
679	0.43
680	1.44
681	0.76
682	0.25
683	0.79
684	0.81
685	0.29
686	0.42
687	0.28
688	0.88
689	1.24
690	0.97
691	0.45
692	1.43
693	0.45
694	0.22
695	0.01
696	1.12
697	0.97
698	0.64
699	0.14
700	0.16
701	0.57
702	0.99
703	0.1
704	0.49
705	1.25
706	0.15
707	0.44
708	0.53
709	1.33
710	0.64
711	0.87
712	0.02
713	0.23
714	1.19
715	0.52
716	1.37
717	0.71
718	0.37
719	0.03
720	0.53
721	1.05
722	0.11
723	0.88
724	1.41
725	0.02
726	1.39
727	0.88
728	1.14
729	0.03
730	0.89
731	0.71
732	0.85
733	0.57
734	0.46
735	0.3
736	0.69
737	0.63
738	0.39
739	1.32
740	0.37
741	0.17
742	1.38
743	1.29
744	0.26
745	0.76
746	0.23
747	1.06
748	1.08
749	0.45
750	0.93
751	0.4
752	0.85
753	1.27
754	0.78
755	0.6
756	0.74
757	1.23
758	0.4
759	0.5
760	0.18
761	0.2
762	0.6
763	1.1
764	0.57
765	0.25
766	0.99
767	1.18
768	1.22
769	0.41
770	1.28
771	0.17
772	0.36
773	1.24
774	0.48
775	1.39
776	0.79
777	0.6
778	1.34
779	0.1
780	0.46
781	0.22
782	1.02
783	0.48
784	0.79
785	0.38
786	0.68
787	0.43
788	0.39
789	1.04
790	1.41
791	0.82
792	0.81
793	1.4
794	0.35
795	1.35
796	0.64
797	0.92
798	0.84
799	0.74
800	0.51
801	0.91
802	0.33
803	1.27
804	0.76
805	0.13
806	0.31
807	0.31
808	0.09
809	1.34
810	0.14
811	0.08
812	0.97
813	1.3
814	0.74
815	0.9
816	1.18
817	0.31
818	1.28
819	0.7
820	0.21
821	1.01
822	0.12
823	0.94
824	0.72
825	0.37
826	0.14
827	0.29
828	0.49
829	0.24
830	0.62
831	1.15
832	1.16
833	1.41
834	1.06
835	0.17
836	0.82
837	0.77
838	0.52
839	1.02
840	1.41
841	0.06
842	1.23
843	0.99
844	0.72
845	1.35
846	0.42
847	0.22
848	0.54
849	0.79
850	0.62
851	0.99
852	1.16
853	0.19
854	0.1
855	0.19
856	0.12
857	1.41
858	0.58
859	1.08
860	0.93
861	0.31
862	0.76
863	0.39
864	1.02
865	1.06
866	0.81
867	0.69
868	0.71
869	1.18
870	1.09
871	0.25
872	0.7
873	1.37
874	0.58
875	0.62
876	1.18
877	1.03
878	1.3
879	0.55
880	1.15
881	0.8
882	0.11
883	0.42
884	0.32
885	0.67
886	0.5
887	1.29
888	0.56
889	1.11
890	1.16
891	0.13
892	0.18
893	1.07
894	1.35
895	0.32
896	0.27
897	0.78
898	0.25
899	0.49
900	0.73
901	0.57
902	1.25
903	1.14
904	1.05
905	1.03
906	0.91
907	1.16
908	0.98
909	1.32
910	0.44
911	1.07
912	1.14
913	0.01
914	1.1
915	0.81
916	0.49
917	0.01
918	0.43
919	0.27
920	1.4
921	1.01
922	0.97
923	1.18
924	0.0
925	0.45
926	0.86
927	0.59
928	0.96
929	0.3
930	0.81
931	0.9
932	0.31
933	1.15
934	0.56
935	0.66
936	0.88
937	0.88
938	0.51
939	0.26
940	0.8
941	1.1
942	0.75
943	1.13
944	0.98
945	1.4
946	0.54
947	1.16
948	0.32
949	0.35
950	1.41
951	0.84
952	0.22
953	1.13
954	0.2
955	0.78
956	0.06
957	0.8
958	0.16
959	1.44
960	0.8
961	1.36
962	1.42
963	0.86
964	0.87
965	1.16
966	0.75
967	0.43
968	0.12
969	0.12
970	0.92
971	0.64
972	1.02
973	1.0
974	0.33
975	0.26
976	1.09
977	0.92
978	1.19
979	0.79
980	0.47
981	0.27
982	0.09
983	0.32
984	0.9
985	1.43
986	0.37
987	0.47
988	0.06
989	0.53
990	1.25
991	0.45
992	0.67
993	1.09
994	1.4
995	0.08
996	1.01
997	0.68
998	0.94
999	1.12
1000	1.17
1001	0.69
1002	0.08
1003	0.32
1004	1.42
1005	1.27
1006	1.3
1007	1.2
1008	0.98
1009	0.89
1010	0.25
1011	0.47
1012	0.48
1013	0.53
1014	1.03
1015	0.68
1016	0.82
1017	0.09
1018	0.94
1019	0.93
1020	0.39
1021	1.43
1022	1.33
1023	0.51
1024	1.15
1025	0.7
1026	1.03
1027	1.0
1028	1.12
1029	0.18
1030	0.34
1031	0.07
1032	0.14
1033	0.82
1034	0.5
1035	1.35
1036	0.37
1037	1.08
1038	0.37
1039	0.06
1040	0.88
1041	1.39
1042	1.34
1043	0.51
1044	0.92
1045	0.28
1046	1.42
1047	0.32
1048	0.52
1049	0.77
1050	1.26
1051	0.57
1052	0.86
1053	1.26
1054	0.4
1055	0.63
1056	0.56
1057	0.71
1058	0.92
1059	0.18
1060	0.72
1061	1.44
1062	0.65
1063	1.22
1064	1.21
1065	0.83
1066	1.22
1067	0.17
1068	1.24
1069	0.49
1070	1.23
1071	0.61
1072	1.1
1073	1.27
1074	1.42
1075	0.29
1076	0.19
1077	0.11
1078	0.23
1079	0.65
1080	0.44
1081	0.58
1082	0.75
1083	1.2
1084	0.86
1085	1.25
1086	0.53
1087	1.28
1088	1.01
1089	1.04
1090	0.41
1091	0.85
1092	0.19
1093	0.93
1094	0.67
1095	0.0
1096	0.99
1097	0.16
1098	0.35
1099	0.74
1100	0.87
1101	0.02
1102	0.12
1103	0.98
1104	0.86
1105	0.15
1106	1.23
1107	1.41
1108	1.06
1109	0.21
1110	0.27
1111	0.26
1112	0.59
1113	1.18
1114	0.28
1115	1.11
1116	0.43
1117	0.96
1118	1.38
1119	0.23
1120	1.42
1121	1.12
1122	0.94
1123	0.96
1124	0.12
1125	1.17
1126	0.78
1127	0.72
1128	1.24
1129	0.79
1130	0.53
1131	0.52
1132	0.59
1133	0.18
1134	1.44
1135	0.56
1136	0.85
1137	1.28
1138	1.2
1139	0.19
1140	0.27
1141	1.16
1142	0.81
1143	0.25
1144	0.11
1145	0.01
1146	1.0
1147	0.43
1148	0.1
1149	0.33
1150	1.43
1151	1.33
1152	0.02
1153	0.8
1154	1.06
1155	0.95
1156	1.36
1157	1.43
1158	1.1
1159	1.18
1160	0.72
1161	0.19
1162	0.19
1163	1.16
1164	0.72
1165	1.05
1166	1.06
1167	1.03
1168	0.38
1169	0.55
1170	0.77
1171	1.37
1172	1.19
1173	1.37
1174	1.37
1175	0.76
1176	1.42
1177	0.52
1178	1.24
1179	1.09
1180	1.33
1181	1.27
1182	0.54
1183	0.7
1184	0.41
1185	0.16
1186	0.32
1187	1.26
1188	0.82
1189	0.5
1190	0.93
1191	0.47
1192	0.07
1193	0.11
1194	0.41
1195	1.24
1196	0.14
1197	0.35
1198	1.39
1199	0.67
1200	0.52
1201	1.28
1202	1.19
1203	0.95
1204	0.43
1205	0.32
1206	0.15
1207	0.26
1208	1.16
1209	0.29
1210	0.87
1211	0.95
1212	0.41
1213	0.46
1214	1.15
1215	0.71
1216	0.99
1217	1.22
1218	0.55
1219	0.91
1220	1.04
1221	0.52
1222	0.65
1223	1.39
1224	1.33
1225	0.23
1226	0.53
1227	0.22
1228	0.17
1229	0.91
1230	0.25
1231	0.44
1232	0.39
1233	1.16
1234	0.18
1235	1.26
1236	0.12
1237	0.49
1238	0.43
1239	1.42
1240	1.01
1241	0.14
1242	0.44
1243	1.2
1244	0.66
1245	0.47
1246	1.27
1247	0.28
1248	0.04
1249	0.28
1250	0.21
1251	1.02
1252	1.04
1253	1.23
1254	1.38
1255	0.43
1256	0.99
1257	0.14
1258	0.76
1259	0.93
1260	0.31
1261	1.34
1262	1.31
1263	0.1
1264	0.73
1265	1.21
1266	0.58
1267	1.26
1268	0.41
1269	0.11
1270	0.19
1271	0.81
1272	0.15
1273	0.41
1274	0.13
1275	1.22
1276	1.34
1277	0.4
1278	0.8
1279	1.38
1280	0.18
1281	1.06
1282	0.44
1283	1.07
1284	0.9
1285	1.1
1286	0.75
1287	0.3
1288	1.24
1289	0.51
1290	0.35
1291	0.49
1292	0.55
1293	0.09
1294	0.69
1295	0.35
1296	0.33
1297	1.09
1298	0.55
1299	0.66
1300	0.78
1301	0.27
1302	0.87
1303	0.94
1304	1.02
1305	1.24
1306	0.74
1307	1.2
1308	0.26
1309	1.33
1310	0.92
1311	0.2
1312	1.06
1313	0.86
1314	0.08
1315	0.53
1316	0.03
1317	0.34
1318	0.95
1319	1.34
1320	1.21
1321	0.09
1322	1.0
1323	0.4
1324	0.56
1325	1.37
1326	0.94
1327	0.98
1328	0.54
1329	0.79
1330	1.41
1331	1.44
1332	0.15
1333	0.67
1334	0.86
1335	0.56
1336	0.96
1337	1.02
1338	0.17
1339	0.96
1340	0.25
1341	0.38
1342	0.29
1343	0.15
1344	1.2
1345	0.46
1346	0.52
1347	1.04
1348	0.97
1349	0.8
1350	0.97
1351	0.36
1352	0.58
1353	0.63
1354	0.04
1355	0.41
1356	1.11
1357	0.53
1358	0.91
1359	0.37
1360	0.83
1361	1.14
1362	0.11
1363	0.04
1364	0.39
1365	0.86
1366	0.71
1367	0.17
1368	0.23
1369	1.34
1370	1.1
1371	0.07
1372	0.23
1373	0.0
1374	0.75
1375	0.04
1376	0.36
1377	0.33
1378	0.37
1379	0.01
1380	0.57
1381	1.09
1382	1.4
1383	0.71
1384	0.38
1385	1.04
1386	0.82
1387	1.13
1388	1.23
1389	0.65
1390	0.49
1391	0.13
1392	0.92
1393	0.08
1394	0.65
1395	1.08
1396	0.65
1397	1.15
1398	0.65
1399	0.71
1400	0.35
1401	1.21
1402	1.14
1403	0.03
1404	0.99
1405	1.33
1406	1.32
1407	0.55
1408	0.51
1409	0.62
1410	0.72
1411	1.33
1412	1.01
1413	0.93
1414	0.24
1415	0.63
1416	1.3
1417	0.57
1418	0.97
1419	1.07
1420	0.27
1421	0.16
1422	0.11
1423	1.38
1424	1.23
1425	1.21
1426	0.53
1427	0.12
1428	1.24
1429	0.05
1430	1.0
1431	0.16
1432	0.79
1433	0.77
1434	1.42
1435	0.46
1436	0.21
1437	0.02
1438	0.71
1439	0.41
1440	0.83
1441	0.63
1442	0.75
1443	0.28
1444	0.47
1445	1.23
1446	1.22
1447	0.58
1448	0.63
1449	0.66
1450	1.09
1451	1.44
1452	0.53
1453	0.48
1454	1.22
1455	1.25
1456	0.87
1457	0.18
1458	0.14
1459	0.38
1460	0.29
1461	0.51
1462	1.44
1463	0.9
1464	0.62
1465	0.82
1466	0.66
1467	1.2
1468	0.98
1469	0.97
1470	0.18
1471	0.88
1472	1.19
1473	0.75
1474	0.88
1475	1.05
1476	0.32
1477	0.41
1478	0.43
1479	0.38
1480	0.07
1481	1.16
1482	0.32
1483	0.58
1484	1.1
1485	1.15
1486	1.41
1487	0.34
1488	0.45
1489	0.95
1490	0.52
1491	0.59
1492	0.14
1493	0.03
1494	0.26
1495	0.29
1496	0.22
1497	0.27
1498	0.45
1499	0.01
1500	1.01
1501	0.92
1502	1.24
1503	0.6
1504	0.45
1505	1.08
1506	1.01
1507	1.19
1508	0.3
1509	0.18
1510	0.2
1511	0.77
1512	0.16
1513	0.51
1514	0.06
1515	0.62
1516	1.43
1517	1.29
1518	0.97
1519	1.13
1520	1.43
1521	1.41
1522	1.37
1523	1.13
1524	0.41
1525	0.89
1526	1.22
1527	0.74
1528	0.64
1529	0.94
1530	0.63
1531	0.67
1532	1.1
1533	0.26
1534	0.11
1535	0.47
1536	0.5
1537	0.04
1538	0.1
1539	0.49
1540	1.17
1541	0.43
1542	1.17
1543	1.44
1544	0.08
1545	0.11
1546	0.99
1547	0.08
1548	1.33
1549	0.7
1550	1.26
1551	0.41
1552	1.17
1553	0.11
1554	0.22
1555	0.84
1556	1.14
1557	0.94
1558	1.04
1559	0.75
1560	0.55
1561	0.94
1562	1.39
1563	1.01
1564	0.72
1565	1.12
1566	0.15
1567	0.33
1568	1.38
1569	0.43
1570	1.05
1571	0.38
1572	0.12
1573	0.03
1574	1.28
1575	0.97
1576	1.02
1577	0.42
1578	0.13
1579	0.26
1580	0.28
1581	0.17
1582	1.39
1583	0.8
1584	0.82
1585	0.81
1586	0.63
1587	1.28
1588	1.23
1589	0.21
1590	1.3
1591	0.91
1592	0.69
1593	1.3
1594	0.26
1595	1.04
1596	0.71
1597	0.35
1598	1.14
1599	1.28
1600	0.93
1601	0.44
1602	1.02
1603	0.9
1604	1.36
1605	0.26
1606	1.34
1607	1.39
1608	0.08
1609	0.48
1610	0.21
1611	0.51
1612	0.95
1613	0.75
1614	0.31
1615	0.7
1616	1.39
1617	1.15
1618	0.07
1619	0.71
1620	0.05
1621	0.88
1622	1.01
1623	0.02
1624	0.85
1625	1.41
1626	0.44
1627	0.82
1628	1.32
1629	0.12
1630	0.17
1631	0.17
1632	0.84
1633	0.53
1634	1.3
1635	1.3
1636	1.33
1637	0.25
1638	1.02
1639	1.33
1640	1.25
1641	0.84
1642	1.08
1643	0.85
1644	1.09
1645	0.59
1646	1.23
1647	1.24
1648	1.2
1649	1.13
1650	1.15
1651	1.23
1652	1.16
1653	0.54
1654	1.19
1655	0.96
1656	0.49
1657	0.17
1658	0.25
1659	0.18
1660	0.97
1661	0.13
1662	1.0
1663	0.35
1664	0.88
1665	0.16
1666	0.29
1667	1.2
1668	0.64
1669	0.86
1670	1.42
1671	0.46
1672	0.71
1673	1.2
1674	1.01
1675	0.26
1676	0.89
1677	1.43
1678	0.83
1679	0.31
1680	0.83
1681	1.02
1682	1.42
1683	0.74
1684	0.49
1685	0.83
1686	1.24
1687	0.3
1688	0.53
1689	0.87
1690	0.05
1691	0.85
1692	0.87
1693	0.48
1694	0.38
1695	0.26
1696	0.57
1697	0.09
1698	0.7
1699	0.4
1700	0.33
1701	0.23
1702	0.38
1703	1.3
1704	1.07
1705	1.03
1706	1.26
1707	0.14
1708	0.57
1709	0.62
1710	0.7
1711	0.21
1712	0.25
1713	1.14
1714	1.05
1715	0.89
1716	0.94
1717	0.63
1718	0.17
1719	0.39
1720	0.39
1721	0.09
1722	1.44
1723	0.53
1724	0.48
1725	1.08
1726	0.86
1727	1.28
1728	1.13
1729	0.01
1730	0.18
1731	0.37
1732	1.06
1733	0.41
1734	0.97
1735	0.8
1736	1.07
1737	1.29
1738	1.03
1739	1.02
1740	0.84
1741	0.69
1742	0.56
1743	0.84
1744	0.15
1745	0.23
1746	1.41
1747	0.34
1748	0.13
1749	0.58
1750	0.19
1751	1.3
1752	0.36
1753	0.25
1754	0.23
1755	0.1
1756	1.01
1757	0.2
1758	0.92
1759	0.97
1760	0.61
1761	1.13
1762	1.32
1763	0.48
1764	0.8
1765	1.15
1766	0.37
1767	1.08
1768	0.35
1769	1.32
1770	1.24
1771	0.03
1772	0.65
1773	0.55
1774	0.97
1775	0.52
1776	0.07
1777	0.71
1778	0.38
1779	1.09
1780	1.0
1781	0.92
1782	0.1
1783	0.06
1784	1.36
1785	0.03
1786	0.39
1787	0.9
1788	0.66
1789	1.33
1790	1.21
1791	0.01
1792	1.1
1793	1.23
1794	0.01
1795	0.09
1796	0.01
1797	1.02
1798	0.4
1799	1.07
1800	0.24
1801	1.11
1802	0.2
1803	0.09
1804	0.76
1805	1.0
1806	0.61
1807	1.35
1808	1.2
1809	0.68
1810	1.15
1811	0.82
1812	0.96
1813	1.13
1814	1.14
1815	1.05
1816	1.11
1817	0.85
1818	0.12
1819	0.39
1820	0.89
1821	0.37
1822	1.38
1823	0.34
1824	0.39
1825	1.23
1826	0.45
1827	1.15
1828	0.12
1829	0.66
1830	1.22
1831	1.43
1832	1.24
1833	0.96
1834	0.32
1835	0.73
1836	1.38
1837	0.47
1838	0.72
1839	0.16
1840	0.02
1841	0.67
1842	1.22
1843	0.83
1844	0.8
1845	0.31
1846	0.31
1847	0.63
1848	0.46
1849	0.4
1850	0.45
1851	1.43
1852	0.28
1853	1.03
1854	0.9
1855	0.96
1856	0.67
1857	0.92
1858	1.19
1859	0.78
1860	0.46
1861	0.15
1862	0.56
1863	1.14
1864	0.03
1865	1.17
1866	1.09
1867	0.41
1868	0.63
1869	0.59
1870	1.06
1871	0.28
1872	0.31
1873	1.41
1874	0.28
1875	1.37
1876	0.85
1877	0.32
1878	1.39
1879	1.34
1880	1.21
1881	0.34
1882	1.07
1883	0.55
1884	1.29
1885	0.3
1886	1.19
1887	0.77
1888	0.83
1889	0.75
1890	0.72
1891	0.53
1892	1.06
1893	0.05
1894	0.13
1895	1.04
1896	0.71
1897	0.53
1898	0.36
1899	0.03
1900	0.17
1901	0.99
1902	0.87
1903	1.23
1904	1.24
1905	0.24
1906	0.02
1907	0.68
1908	0.31
1909	0.94
1910	1.35
1911	0.49
1912	0.44
1913	0.43
1914	0.17
1915	0.44
1916	0.79
1917	0.89
1918	0.3
1919	1.08
1920	0.99
1921	0.32
1922	0.4
1923	0.9
1924	1.03
1925	0.97
1926	0.56
1927	0.41
1928	0.35
1929	1.35
1930	0.36
1931	1.33
1932	0.54
1933	1.2
1934	0.28
1935	0.43
1936	0.78
1937	0.36
1938	0.97
1939	1.3
1940	0.79
1941	0.8
1942	1.1
1943	0.92
1944	1.1
1945	1.4
1946	1.2
1947	1.23
1948	1.31
1949	1.39
1950	0.21
1951	0.39
1952	0.12
1953	0.2
1954	0.06
1955	0.07
1956	0.63
1957	1.26
1958	1.41
1959	0.12
1960	0.16
1961	0.12
1962	0.16
1963	0.85
1964	0.05
1965	0.78
1966	0.99
1967	0.88
1968	0.04
1969	0.12
1970	0.52
1971	0.64
1972	0.07
1973	0.02
1974	0.97
1975	0.39
1976	0.83
1977	0.32
1978	0.32
1979	1.13
1980	0.29
1981	0.59
1982	1.24
1983	0.88
1984	1.11
1985	0.43
1986	0.75
1987	1.3
1988	0.32
1989	0.98
1990	1.16
1991	0.93
1992	1.1
1993	0.03
1994	0.89
1995	1.22
1996	1.09
1997	0.77
1998	0.33
1999	1.09
2000	1.15
2001	1.36
2002	1.05
2003	0.52
2004	0.84
2005	0.39
2006	0.27
2007	0.74
2008	1.14
2009	0.03
2010	0.71
2011	1.05
2012	1.42
2013	0.04
2014	1.13
2015	0.5
2016	0.69
2017	0.01
2018	0.97
2019	0.15
2020	0.96
2021	0.83
2022	0.46
2023	0.91
2024	1.16
2025	0.18
2026	0.62
2027	0.89
2028	0.73
2029	0.67
2030	0.86
2031	0.06
2032	0.53
2033	1.33
2034	0.55
2035	0.63
2036	0.98
2037	0.92
2038	0.73
2039	0.19
2040	0.21
2041	0.43
2042	0.29
2043	0.41
2044	0.07
2045	1.36
2046	1.29
2047	0.03
2048	1.14
2049	0.1
2050	0.03
2051	0.44
2052	1.07
2053	0.46
2054	0.81
2055	1.15
2056	1.18
2057	0.12
2058	0.69
2059	0.38
2060	1.26
2061	1.0
2062	0.55
2063	0.44
2064	0.16
2065	1.26
2066	0.04
2067	0.64
2068	0.12
2069	1.3
2070	1.21
2071	0.25
2072	0.32
2073	0.1
2074	1.37
2075	0.69
2076	0.53
2077	0.04
2078	0.53
2079	0.03
2080	0.83
2081	1.21
2082	0.24
2083	1.09
2084	0.92
2085	1.09
2086	0.08
2087	0.53
2088	0.02
2089	1.03
2090	1.17
2091	1.3
2092	0.09
2093	0.73
2094	1.38
2095	1.39
2096	0.11
2097	0.06
2098	1.35
2099	0.71
2100	0.48
2101	0.25
2102	1.17
2103	1.4
2104	0.08
2105	0.01
2106	0.16
2107	0.83
2108	0.73
2109	0.02
2110	1.1
2111	0.51
2112	1.36
2113	1.01
2114	0.54
2115	0.08
2116	1.39
2117	0.01
2118	0.61
2119	0.06
2120	0.24
2121	0.43
2122	0.84
2123	0.38
2124	1.36
2125	0.7
2126	0.19
2127	1.37
2128	0.67
2129	0.44
2130	0.75
2131	0.67
2132	0.79
2133	0.52
2134	1.1
2135	1.25
2136	0.23
2137	0.44
2138	0.34
2139	1.14
2140	0.6
2141	0.59
2142	0.81
2143	0.51
2144	0.12
2145	0.49
2146	0.16
2147	0.55
2148	0.61
2149	0.08
2150	1.42
2151	0.77
2152	1.0
2153	0.0
2154	0.44
2155	1.09
2156	0.98
2157	0.11
2158	0.35
2159	0.8
2160	0.83
2161	0.26
2162	1.43
2163	0.73
2164	0.76
2165	0.87
2166	1.31
2167	0.01
2168	0.16
2169	0.48
2170	1.06
2171	0.6
2172	1.29
2173	0.57
2174	0.94
2175	0.31
2176	1.28
2177	0.21
2178	0.17
2179	0.42
2180	1.11
2181	1.07
2182	0.98
2183	0.56
2184	0.06
2185	1.03
2186	0.01
2187	0.55
2188	0.33
2189	0.11
2190	0.42
2191	1.3
2192	1.42
2193	0.6
2194	0.87
2195	0.07
2196	0.45
2197	0.09
2198	0.5
2199	0.53
2200	0.05
2201	0.29
2202	0.77
2203	1.42
2204	1.06
2205	0.57
2206	0.18
2207	1.02
2208	1.29
2209	0.71
2210	1.1
2211	1.0
2212	0.05
2213	1.43
2214	0.97
2215	0.82
2216	1.21
2217	0.24
2218	0.47
2219	0.86
2220	1.11
2221	0.93
2222	0.08
2223	0.51
2224	0.2
2225	0.56
2226	1.29
2227	1.32
2228	1.2
2229	0.2
2230	0.08
2231	0.34
2232	0.94
2233	0.15
2234	1.38
2235	0.37
2236	1.11
2237	0.4
2238	0.5
2239	0.87
2240	0.11
2241	0.12
2242	0.98
2243	0.05
2244	1.19
2245	0.61
2246	0.63
2247	0.02
2248	0.26
2249	1.38
2250	0.1
2251	0.33
2252	0.45
2253	1.36
2254	1.34
2255	0.34
2256	0.4
2257	0.27
2258	1.18
2259	1.19
2260	0.22
2261	1.35
2262	1.07
2263	0.5
2264	1.27
2265	1.15
2266	0.28
2267	1.0
2268	0.76
2269	0.04
2270	0.6
2271	0.38
2272	0.91
2273	1.29
2274	0.01
2275	0.18
2276	1.08
2277	0.08
2278	0.69
2279	0.33
2280	1.0
2281	1.2
2282	1.39
2283	0.36
2284	1.4
2285	0.89
2286	0.99
2287	0.64
2288	1.23
2289	0.53
2290	0.4
2291	0.39
2292	1.03
2293	0.07
2294	1.11
2295	0.59
2296	1.05
2297	0.61
2298	0.24
2299	0.94
2300	0.83
2301	0.58
2302	0.9
2303	1.17
2304	0.47
2305	0.14
2306	0.45
2307	0.27
2308	0.66
2309	0.16
2310	0.22
2311	0.5
2312	0.82
2313	0.74
2314	0.29
2315	0.11
2316	0.53
2317	0.2
2318	0.39
2319	0.29
2320	0.6
2321	0.54
2322	0.5
2323	0.32
2324	0.33
2325	1.29
2326	0.12
2327	0.85
2328	0.85
2329	0.66
2330	1.3
2331	1.41
2332	0.88
2333	0.82
2334	1.08
2335	0.87
2336	0.07
2337	1.31
2338	0.58
2339	0.02
2340	0.72
2341	0.26
2342	0.34
2343	0.61
2344	0.56
2345	0.88
2346	1.11
2347	0.88
2348	0.98
2349	0.24
2350	1.17
2351	0.82
2352	1.35
2353	1.03
2354	0.94
2355	0.81
2356	0.56
2357	0.36
2358	0.9
2359	1.44
2360	1.18
2361	0.81
2362	0.71
2363	1.25
2364	0.39
2365	1.24
2366	1.29
2367	0.17
2368	0.04
2369	0.74
2370	0.08
2371	0.06
2372	1.36
2373	0.77
2374	0.48
2375	0.24
2376	0.05
2377	0.43
2378	0.18
2379	0.25
2380	0.96
2381	1.02
2382	0.07
2383	0.13
2384	0.65
2385	0.99
2386	0.51
2387	0.79
2388	0.7
2389	0.03
2390	0.33
2391	0.67
2392	0.41
2393	0.61
2394	0.0
2395	1.12
2396	0.37
2397	0.6
2398	0.81
2399	1.09
2400	0.56
2401	1.31
2402	1.36
2403	1.15
2404	1.37
2405	0.74
2406	0.86
2407	0.97
2408	0.21
2409	1.14
2410	0.89
2411	0.03
2412	1.41
2413	1.28
2414	0.84
2415	0.7
2416	0.38
2417	0.0
2418	0.95
2419	0.59
2420	0.46
2421	0.38
2422	0.13
2423	0.45
2424	0.92
2425	1.19
2426	1.01
2427	1.01
2428	1.29
2429	0.33
2430	0.67
2431	1.06
2432	1.3
2433	0.36
2434	1.31
2435	1.05
2436	0.37
2437	1.41
2438	0.98
2439	0.71
2440	0.91
2441	0.46
2442	1.16
2443	1.28
2444	0.85
2445	0.69
2446	1.29
2447	1.06
2448	0.33
2449	0.51
2450	1.4
2451	0.61
2452	1.31
2453	1.23
2454	1.3
2455	0.49
2456	1.0
2457	0.93
2458	1.23
2459	1.09
2460	1.09
2461	0.92
2462	0.87
2463	0.25
2464	0.72
2465	0.96
2466	0.32
2467	1.09
2468	1.43
2469	0.29
2470	0.6
2471	0.33
2472	0.04
2473	1.0
2474	0.31
2475	0.21
2476	0.19
2477	1.18
2478	0.22
2479	0.05
2480	1.39
2481	0.33
2482	0.93
2483	0.43
2484	0.62
2485	0.54
2486	0.68
2487	1.0
2488	0.02
2489	0.03
2490	0.22
2491	0.19
2492	0.9
2493	0.87
2494	0.87
2495	0.28
2496	1.05
2497	1.37
2498	0.84
2499	0.12
2500	1.32
2501	1.42
2502	0.11
2503	0.69
2504	1.11
2505	0.53
2506	0.33
2507	0.07
2508	0.98
2509	0.49
2510	1.44
2511	0.17
2512	0.82
2513	0.89
2514	0.82
2515	1.16
2516	0.38
2517	0.71
2518	1.01
2519	1.44
2520	0.35
2521	0.22
2522	1.44
2523	0.11
2524	0.23
2525	0.25
2526	1.01
2527	1.15
2528	1.02
2529	0.26
2530	0.97
2531	0.08
2532	1.06
2533	0.77
2534	1.36
2535	1.17
2536	0.15
2537	0.25
2538	1.07
2539	0.03
2540	0.9
2541	0.74
2542	0.71
2543	0.29
2544	0.21
2545	1.04
2546	0.94
2547	0.33
2548	0.46
2549	0.1
2550	0.35
2551	0.44
2552	0.07
2553	0.7
2554	1.12
2555	0.23
2556	0.79
2557	0.51
2558	0.01
2559	1.29
2560	0.16
2561	0.47
2562	0.53
2563	0.84
2564	1.05
2565	0.65
2566	1.14
2567	0.66
2568	0.64
2569	1.08
2570	0.96
2571	1.27
2572	0.82
2573	0.28
2574	0.07
2575	0.72
2576	0.34
2577	1.34
2578	1.41
2579	1.13
2580	0.41
2581	0.25
2582	0.35
2583	0.3
2584	1.2
2585	0.9
2586	0.85
2587	0.54
2588	0.5
2589	0.37
2590	0.28
2591	1.26
2592	1.38
2593	1.35
2594	0.08
2595	0.28
2596	0.53
2597	0.08
2598	1.26
2599	0.92
2600	0.43
2601	0.79
2602	0.02
2603	0.75
2604	0.58
2605	1.15
2606	0.69
2607	0.19
2608	0.03
2609	0.53
2610	1.43
2611	0.72
2612	0.93
2613	0.42
2614	1.31
2615	1.33
2616	0.13
2617	0.31
2618	0.23
2619	0.99
2620	0.06
2621	1.16
2622	0.43
2623	0.77
2624	0.05
2625	0.95
2626	1.37
2627	0.25
2628	1.32
2629	0.62
2630	0.03
2631	0.45
2632	0.51
2633	0.67
2634	1.0
2635	1.15
2636	1.03
2637	0.81
2638	0.75
2639	0.47
2640	0.28
2641	0.5
2642	1.1
2643	1.32
2644	0.66
2645	0.94
2646	0.15
2647	1.17
2648	1.11
2649	1.28
2650	1.08
2651	0.27
2652	1.1
2653	0.78
2654	0.71
2655	0.89
2656	0.96
2657	0.44
2658	0.62
2659	0.13
2660	0.47
2661	0.04
2662	0.54
2663	0.9
2664	0.08
2665	0.55
2666	0.88
2667	0.7
2668	0.25
2669	0.53
2670	0.26
2671	0.68
2672	0.94
2673	0.29
2674	0.3
2675	1.37
2676	0.85
2677	0.3
2678	1.44
2679	1.43
2680	1.4
2681	1.35
2682	1.25
2683	0.52
2684	0.17
2685	0.93
2686	0.74
2687	1.11
2688	1.43
2689	1.27
2690	0.58
2691	1.27
2692	0.64
2693	0.3
2694	0.57
2695	0.25
2696	0.82
2697	1.16
2698	1.41
2699	1.14
2700	0.57
2701	1.22
2702	1.37
2703	0.54
2704	0.61
2705	1.26
2706	0.89
2707	1.11
2708	1.08
2709	0.48
2710	1.31
2711	0.82
2712	1.25
2713	0.05
2714	0.42
2715	1.11
2716	1.13
2717	0.98
2718	0.88
2719	0.17
2720	0.49
2721	0.23
2722	0.34
2723	1.27
2724	0.43
2725	0.53
2726	0.85
2727	0.44
2728	0.09
2729	1.26
2730	0.05
2731	1.09
2732	1.23
2733	0.48
2734	0.3
2735	1.35
2736	0.22
2737	1.27
2738	0.89
2739	0.45
2740	0.66
2741	0.73
2742	0.31
2743	1.03
2744	0.03
2745	0.32
2746	0.81
2747	1.23
2748	0.98
2749	1.03
2750	0.83
2751	1.12
2752	1.22
2753	0.02
2754	1.07
2755	1.24
2756	1.13
2757	0.07
2758	0.06
2759	1.41
2760	0.42
2761	0.78
2762	0.89
2763	1.4
2764	1.03
2765	0.34
2766	0.85
2767	1.25
2768	1.4
2769	0.03
2770	1.16
2771	1.23
2772	0.59
2773	0.45
2774	1.31
2775	1.19
2776	0.46
2777	1.04
2778	0.92
2779	0.27
2780	1.27
2781	0.52
2782	0.92
2783	0.4
2784	1.41
2785	0.36
2786	1.21
2787	0.03
2788	0.91
2789	1.16
2790	1.03
2791	0.4
2792	0.91
2793	0.97
2794	1.32
2795	0.79
2796	0.97
2797	0.4
2798	0.53
2799	1.08
2800	0.31
2801	0.51
2802	0.91
2803	0.96
2804	0.83
2805	0.91
2806	1.35
2807	1.06
2808	0.73
2809	0.58
2810	0.75
2811	1.4
2812	0.12
2813	0.27
2814	1.2
2815	0.67
2816	0.37
2817	0.76
2818	0.32
2819	0.13
2820	0.91
2821	1.07
2822	0.94
2823	0.38
2824	0.61
2825	0.46
2826	0.22
2827	0.79
2828	1.03
2829	0.19
2830	0.94
2831	1.32
2832	0.8
2833	1.28
2834	0.48
2835	0.18
2836	1.22
2837	1.07
2838	0.29
2839	0.01
2840	0.16
2841	0.55
2842	0.62
2843	0.31
2844	0.09
2845	0.08
2846	1.28
2847	0.56
2848	1.27
2849	0.08
2850	0.98
2851	1.16
2852	0.98
2853	1.11
2854	0.61
2855	0.07
2856	0.69
2857	1.26
2858	0.94
2859	0.76
2860	1.32
2861	1.34
2862	0.99
2863	1.31
2864	0.86
2865	0.94
2866	0.89
2867	0.6
2868	0.19
2869	1.03
2870	1.26
2871	0.36
2872	1.42
2873	0.59
2874	0.41
2875	0.77
2876	0.78
2877	1.08
2878	0.76
2879	0.54
2880	0.06
2881	0.16
2882	1.35
2883	0.83
2884	0.48
2885	0.88
2886	0.04
2887	0.57
2888	0.47
2889	0.01
2890	0.68
2891	1.32
2892	0.74
2893	1.02
2894	0.81
2895	0.11
2896	1.18
2897	0.2
2898	1.37
2899	0.04
2900	1.02
2901	0.78
2902	0.55
2903	0.08
2904	0.9
2905	0.11
2906	0.91
2907	1.37
2908	1.28
2909	1.27
2910	0.14
2911	0.02
2912	0.75
2913	0.76
2914	0.09
2915	0.18
2916	1.27
2917	0.43
2918	1.0
2919	0.4
2920	0.54
2921	1.28
2922	0.12
2923	0.98
2924	1.18
2925	1.03
2926	0.31
2927	1.42
2928	0.01
2929	1.23
2930	0.25
2931	0.61
2932	0.99
2933	0.75
2934	0.93
2935	0.97
2936	0.22
2937	1.0
2938	0.18
2939	1.38
2940	0.9
2941	0.89
2942	0.97
2943	1.4
2944	0.68
2945	0.49
2946	0.25
2947	0.64
2948	0.76
2949	0.04
2950	0.14
2951	0.29
2952	0.03
2953	0.4
2954	1.32
2955	0.74
2956	0.13
2957	0.7
2958	0.37
2959	0.73
2960	0.47
2961	0.27
2962	0.7
2963	1.04
2964	1.15
2965	1.11
2966	0.47
2967	1.28
2968	0.04
2969	0.61
2970	0.12
2971	0.66
2972	0.54
2973	0.65
2974	0.1
2975	0.47
2976	0.8
2977	0.79
2978	0.34
2979	0.58
2980	0.32
2981	1.28
2982	0.76
2983	0.59
2984	1.34
2985	0.43
2986	1.26
2987	0.21
2988	0.63
2989	0.49
2990	0.79
2991	0.53
2992	0.52
2993	0.17
2994	0.9
2995	0.57
2996	0.77
2997	0.65
2998	1.13
2999	0.65
3000	1.04
3001	0.27
3002	0.69
3003	1.37
3004	0.85
3005	0.74
3006	0.74
3007	0.64
3008	1.33
3009	0.48
3010	0.2
3011	0.12
3012	0.16
3013	0.92
3014	1.03
3015	0.97
3016	1.36
3017	0.11
3018	0.19
3019	0.03
3020	0.15
3021	0.73
3022	0.37
3023	0.25
3024	0.74
3025	1.07
3026	0.05
3027	0.6
3028	0.07
3029	0.49
3030	1.3
3031	0.56
3032	0.65
3033	0.18
3034	1.03
3035	0.97
3036	0.72
3037	0.89
3038	0.51
3039	0.2
3040	0.45
3041	1.02
3042	1.25
3043	0.26
3044	1.07
3045	0.65
3046	0.22
3047	0.84
3048	0.72
3049	0.48
3050	1.34
3051	0.03
3052	0.72
3053	0.62
3054	1.33
3055	0.57
3056	0.77
3057	1.21
3058	0.24
3059	0.18
3060	0.73
3061	1.41
3062	1.09
3063	0.96
3064	0.65
3065	0.3
3066	0.54
3067	0.81
3068	0.9
3069	0.02
3070	0.74
3071	0.35
3072	0.98
3073	0.79
3074	0.27
3075	1.42
3076	0.09
3077	1.32
3078	0.65
3079	0.1
3080	0.29
3081	1.41
3082	1.11
3083	1.28
3084	0.99
3085	0.74
3086	0.51
3087	0.16
3088	0.58
3089	1.39
3090	0.12
3091	0.88
3092	1.27
3093	1.17
3094	0.47
3095	0.81
3096	0.14
3097	1.08
3098	0.64
3099	0.2
3100	0.15
3101	0.02
3102	0.29
3103	1.33
3104	0.95
3105	0.81
3106	0.2
3107	0.15
3108	0.17
3109	1.34
3110	1.27
3111	1.08
3112	0.26
3113	0.44
3114	1.18
3115	1.4
3116	0.05
3117	0.75
3118	0.82
3119	1.26
3120	0.26
3121	0.49
3122	0.35
3123	0.55
3124	1.1
3125	0.94
3126	1.26
3127	0.7
3128	0.3
3129	1.38
3130	1.14
3131	0.51
3132	0.18
3133	0.27
3134	0.64
3135	0.22
3136	1.25
3137	1.0
3138	0.78
3139	0.06
3140	0.4
3141	0.19
3142	0.63
3143	0.09
3144	0.39
3145	0.33
3146	0.59
3147	0.44
3148	0.09
3149	0.85
3150	0.23
3151	0.26
3152	0.65
3153	0.76
3154	0.68
3155	1.22
3156	0.6
3157	1.28
3158	0.9
3159	0.71
3160	0.41
3161	1.18
3162	0.26
3163	0.95
3164	0.83
3165	1.35
3166	0.19
3167	0.51
3168	1.28
3169	1.14
3170	0.87
3171	1.28
3172	1.27
3173	0.49
3174	0.67
3175	1.21
3176	0.76
3177	0.96
3178	0.71
3179	1.13
3180	0.45
3181	0.58
3182	0.27
3183	0.16
3184	1.04
3185	0.64
3186	0.45
3187	0.35
3188	0.25
3189	0.97
3190	0.08
3191	0.65
3192	0.29
3193	1.41
3194	0.74
3195	0.13
3196	0.82
3197	0.23
3198	0.69
3199	0.63
3200	0.46
3201	0.35
3202	0.94
3203	0.28
3204	0.73
3205	0.59
3206	0.99
3207	0.71
3208	1.37
3209	1.39
3210	0.84
3211	0.23
3212	0.15
3213	1.35
3214	0.87
3215	0.86
3216	0.24
3217	0.71
3218	1.11
3219	0.93
3220	0.8
3221	0.3
3222	1.24
3223	0.9
3224	0.44
3225	0.84
3226	0.9
3227	1.22
3228	1.25
3229	1.13
3230	0.99
3231	0.36
3232	1.42
3233	0.74
3234	0.11
3235	0.47
3236	0.75
3237	1.24
3238	1.34
3239	0.71
3240	1.35
3241	0.63
3242	1.21
3243	1.01
3244	1.29
3245	1.37
3246	1.14
3247	0.21
3248	1.15
3249	1.11
3250	0.59
3251	0.84
3252	0.34
3253	1.22
3254	1.23
3255	1.13
3256	1.36
3257	0.57
3258	1.35
3259	0.63
3260	1.39
3261	0.25
3262	0.05
3263	1.16
3264	1.01
3265	0.16
3266	1.25
3267	0.41
3268	0.69
3269	0.17
3270	0.36
3271	0.25
3272	1.07
3273	0.89
3274	0.13
3275	0.32
3276	0.47
3277	1.22
3278	0.77
3279	1.17
3280	0.63
3281	0.67
3282	0.79
3283	1.16
3284	0.11
3285	1.09
3286	0.28
3287	0.2
3288	0.16
3289	1.24
3290	0.7
3291	0.95
3292	0.24
3293	1.04
3294	1.12
3295	0.28
3296	0.56
3297	1.33
3298	1.3
3299	0.46
3300	0.79
3301	0.28
3302	0.01
3303	0.37
3304	0.18
3305	0.59
3306	0.91
3307	0.67
3308	0.34
3309	0.49
3310	0.76
3311	1.19
3312	0.48
3313	0.15
3314	0.45
3315	1.38
3316	0.7
3317	1.09
3318	0.64
3319	0.46
3320	0.47
3321	1.24
3322	0.67
3323	0.46
3324	0.91
3325	0.17
3326	1.1
3327	1.01
3328	0.49
3329	1.06
3330	0.78
3331	1.28
3332	1.04
3333	0.83
3334	0.23
3335	0.46
3336	0.28
3337	0.23
3338	1.09
3339	1.4
3340	0.44
3341	1.24
3342	0.93
3343	0.25
3344	0.83
3345	0.98
3346	0.96
3347	0.08
3348	0.01
3349	0.33
3350	0.34
3351	1.39
3352	1.42
3353	1.0
3354	0.78
3355	1.3
3356	0.28
3357	0.85
3358	1.43
3359	0.77
3360	0.67
3361	0.69
3362	1.16
3363	1.39
3364	1.0
3365	1.01
3366	1.02
3367	1.39
3368	0.55
3369	0.93
3370	0.05
3371	0.55
3372	1.33
3373	1.44
3374	0.32
3375	0.74
3376	1.1
3377	1.37
3378	0.55
3379	0.4
3380	1.07
3381	1.07
3382	0.67
3383	0.45
3384	1.13
3385	0.84
3386	0.79
3387	0.18
3388	1.23
3389	1.42
3390	0.55
3391	0.69
3392	0.06
3393	0.14
3394	0.49
3395	0.43
3396	0.28
3397	0.63
3398	0.77
3399	1.33
3400	1.0
3401	0.83
3402	0.33
3403	1.33
3404	1.32
3405	1.33
3406	0.09
3407	0.25
3408	0.22
3409	0.43
3410	0.95
3411	0.17
3412	0.36
3413	0.35
3414	0.75
3415	0.73
3416	1.4
3417	0.15
3418	0.65
3419	0.34
3420	0.91
3421	0.74
3422	1.16
3423	0.62
3424	0.73
3425	0.58
3426	0.34
3427	1.33
3428	0.6
3429	0.24
3430	0.35
3431	1.03
3432	0.5
3433	0.47
3434	0.89
3435	0.92
3436	0.54
3437	1.05
3438	0.85
3439	0.94
3440	0.48
3441	1.12
3442	1.44
3443	1.27
3444	0.94
3445	1.22
3446	0.19
3447	0.31
3448	0.21
3449	0.77
3450	0.47
3451	1.13
3452	0.5
3453	0.57
3454	0.6
3455	0.38
3456	0.34
3457	0.55
3458	1.2
3459	0.95
3460	0.9
3461	0.64
3462	0.73
3463	0.23
3464	0.26
3465	0.97
3466	0.74
3467	1.07
3468	1.08
3469	1.09
3470	0.21
3471	0.61
3472	0.2
3473	0.97
3474	1.05
3475	1.37
3476	0.33
3477	0.71
3478	0.7
3479	1.21
3480	1.19
3481	1.09
3482	1.27
3483	0.92
3484	1.19
3485	0.21
3486	0.36
3487	1.09
3488	1.12
3489	0.33
3490	0.54
3491	0.37
3492	0.64
3493	0.05
3494	1.14
3495	0.16
3496	0.2
3497	0.89
3498	0.83
3499	0.54
3500	0.12
3501	0.25
3502	1.16
3503	1.3
3504	0.75
3505	0.99
3506	0.01
3507	0.54
3508	0.56
3509	0.93
3510	0.38
3511	1.23
3512	0.49
3513	0.58
3514	0.49
3515	0.1
3516	0.05
3517	0.37
3518	0.62
3519	0.19
3520	0.35
3521	0.68
3522	0.68
3523	1.41
3524	0.47
3525	0.93
3526	0.48
3527	1.32
3528	0.24
3529	0.56
3530	1.1
3531	0.95
3532	0.12
3533	0.85
3534	0.62
3535	0.87
3536	0.67
3537	0.97
3538	0.67
3539	1.13
3540	0.23
3541	1.39
3542	0.91
3543	0.14
3544	0.18
3545	0.63
3546	0.53
3547	0.66
3548	0.01
3549	0.99
3550	0.17
3551	0.0
3552	0.85
3553	0.54
3554	1.05
3555	0.26
3556	0.25
3557	0.76
3558	1.07
3559	1.17
3560	1.33
3561	0.28
3562	1.26
3563	0.73
3564	1.3
3565	0.95
3566	1.19
3567	0.26
3568	0.18
3569	0.52
3570	1.13
3571	1.27
3572	1.23
3573	1.23
3574	1.16
3575	0.65
3576	1.19
3577	0.91
3578	1.06
3579	1.37
3580	0.47
3581	0.28
3582	0.52
3583	1.09
3584	0.06
3585	0.45
3586	0.42
3587	0.2
3588	0.94
3589	0.82
3590	1.21
3591	1.35
3592	0.76
3593	0.24
3594	0.92
3595	0.82
3596	0.59
3597	1.26
3598	0.21
3599	0.6
3600	0.79
3601	0.5
3602	0.94
3603	1.03
3604	0.94
3605	0.24
3606	1.04
3607	1.28
3608	1.41
3609	0.63
3610	0.3
3611	0.17
3612	0.59
3613	0.37
3614	0.15
3615	0.4
3616	0.94
3617	0.02
3618	0.77
3619	1.27
3620	0.59
3621	1.36
3622	0.15
3623	1.21
3624	0.72
3625	0.43
3626	0.76
3627	1.4
3628	0.95
3629	1.22
3630	0.2
3631	1.07
3632	0.5
3633	0.77
3634	0.47
3635	0.45
3636	0.53
3637	1.14
3638	1.12
3639	0.8
3640	0.09
3641	0.7
3642	0.76
3643	0.65
3644	1.21
3645	0.91
3646	1.18
3647	1.26
3648	1.43
3649	1.31
3650	1.39
3651	0.02
3652	0.83
3653	1.07
3654	1.2
3655	0.62
3656	0.94
3657	0.4
3658	0.75
3659	0.91
3660	0.96
3661	0.66
3662	0.82
3663	0.1
3664	0.65
3665	0.08
3666	0.9
3667	0.41
3668	0.84
3669	0.3
3670	1.21
3671	1.13
3672	0.03
3673	0.93
3674	1.3
3675	0.89
3676	0.52
3677	0.15
3678	0.66
3679	0.15
3680	1.17
3681	0.59
3682	1.35
3683	1.42
3684	1.15
3685	0.27
3686	0.94
3687	0.74
3688	0.33
3689	0.33
3690	0.09
3691	0.44
3692	0.85
3693	0.3
3694	1.08
3695	0.41
3696	1.23
3697	0.96
3698	0.02
3699	0.84
3700	1.43
3701	0.54
3702	1.31
3703	0.14
3704	0.85
3705	0.21
3706	0.06
3707	0.15
3708	0.85
3709	1.11
3710	0.23
3711	0.04
3712	0.82
3713	0.03
3714	1.17
3715	0.8
3716	0.77
3717	0.53
3718	0.01
3719	0.06
3720	0.05
3721	0.03
3722	0.98
3723	0.25
3724	0.23
3725	0.93
3726	0.34
3727	1.26
3728	1.21
3729	0.67
3730	0.5
3731	0.65
3732	1.2
3733	1.23
3734	1.08
3735	0.67
3736	0.4
3737	1.0
3738	0.05
3739	0.73
3740	0.28
3741	0.99
3742	1.17
3743	0.05
3744	0.68
3745	1.44
3746	0.53
3747	0.97
3748	0.02
3749	0.42
3750	1.32
3751	0.94
3752	1.04
3753	1.19
3754	0.23
3755	0.35
3756	0.2
3757	1.09
3758	1.43
3759	0.15
3760	0.66
3761	1.27
3762	0.48
3763	1.25
3764	0.69
3765	1.26
3766	0.51
3767	1.32
3768	0.59
3769	1.41
3770	0.69
3771	0.2
3772	1.15
3773	0.72
3774	0.89
3775	0.32
3776	0.83
3777	0.24
3778	1.2
3779	0.06
3780	0.45
3781	1.14
3782	1.35
3783	0.97
3784	0.56
3785	1.09
3786	0.88
3787	0.45
3788	0.31
3789	1.06
3790	0.74
3791	0.31
3792	1.16
3793	0.13
3794	0.63
3795	0.24
3796	1.26
3797	1.31
3798	0.76
3799	0.74
3800	0.2
3801	1.14
3802	0.35
3803	1.36
3804	0.27
3805	0.61
3806	0.88
3807	0.81
3808	1.04
3809	0.55
3810	1.28
3811	0.53
3812	0.21
3813	0.39
3814	0.99
3815	1.36
3816	0.54
3817	0.02
3818	0.79
3819	0.81
3820	0.27
3821	0.97
3822	0.75
3823	0.7
3824	0.77
3825	0.38
3826	1.39
3827	1.37
3828	0.39
3829	0.86
3830	1.03
3831	1.1
3832	0.07
3833	1.21
3834	0.0
3835	0.83
3836	0.12
3837	0.3
3838	1.17
3839	0.39
3840	1.23
3841	0.48
3842	0.13
3843	0.49
3844	1.01
3845	1.3
3846	0.57
3847	1.29
3848	1.17
3849	0.25
3850	0.19
3851	0.25
3852	0.11
3853	0.14
3854	1.05
3855	0.19
3856	0.11
3857	0.3
3858	0.37
3859	0.41
3860	1.26
3861	0.36
3862	0.49
3863	0.11
3864	0.85
3865	0.13
3866	1.28
3867	1.22
3868	0.79
3869	0.38
3870	1.34
3871	0.75
3872	0.48
3873	0.56
3874	0.22
3875	0.3
3876	1.16
3877	0.0
3878	0.39
3879	0.06
3880	0.92
3881	0.3
3882	0.02
3883	1.15
3884	0.73
3885	0.12
3886	0.43
3887	0.5
3888	0.4
3889	0.76
3890	0.49
3891	0.55
3892	0.39
3893	0.47
3894	0.37
3895	1.03
3896	0.9
3897	0.5
3898	0.13
3899	0.2
3900	0.52
3901	1.21
3902	0.03
3903	0.56
3904	0.98
3905	0.95
3906	0.08
3907	1.01
3908	0.38
3909	1.36
3910	1.15
3911	0.6
3912	0.41
3913	1.33
3914	1.0
3915	0.92
3916	1.3
3917	0.05
3918	0.91
3919	1.33
3920	1.07
3921	1.12
3922	0.56
3923	0.35
3924	0.3
3925	0.27
3926	0.34
3927	0.53
3928	0.4
3929	0.61
3930	1.05
3931	0.75
3932	0.52
3933	0.22
3934	1.39
3935	1.08
3936	1.27
3937	1.36
3938	1.07
3939	0.77
3940	0.68
3941	0.6
3942	0.6
3943	1.18
3944	0.15
3945	1.28
3946	0.98
3947	0.4
3948	0.33
3949	1.37
3950	0.58
3951	0.91
3952	0.06
3953	0.27
3954	0.39
3955	1.07
3956	0.99
3957	1.17
3958	1.17
3959	0.28
3960	1.41
3961	0.22
3962	0.31
3963	0.87
3964	0.7
3965	0.65
3966	0.06
3967	1.07
3968	0.59
3969	0.06
3970	0.46
3971	1.11
3972	0.64
3973	1.23
3974	0.73
3975	0.22
3976	1.03
3977	1.02
3978	0.53
3979	1.0
3980	0.18
3981	0.65
3982	1.42
3983	0.21
3984	0.76
3985	1.11
3986	0.3
3987	0.09
3988	0.6
3989	0.37
3990	0.77
3991	0.25
3992	0.3
3993	1.38
3994	1.0
3995	1.06
3996	0.11
3997	1.19
3998	1.2
3999	0.41
4000	0.41
4001	0.44
4002	0.18
4003	1.2
4004	1.24
4005	0.27
4006	0.55
4007	1.34
4008	0.41
4009	0.1
4010	0.18
4011	0.72
4012	1.13
4013	0.1
4014	0.79
4015	1.17
4016	0.73
4017	0.41
4018	1.2
4019	1.03
4020	0.66
4021	0.14
4022	0.93
4023	0.36
4024	0.82
4025	0.32
4026	0.08
4027	1.21
4028	0.27
4029	1.21
4030	1.39
4031	1.43
4032	0.88
4033	1.14
4034	0.83
4035	1.03
4036	0.01
4037	1.42
4038	1.03
4039	1.42
4040	0.35
4041	1.38
4042	0.21
4043	0.65
4044	0.85
4045	1.24
4046	1.38
4047	0.38
4048	0.71
4049	0.2
4050	1.0
4051	0.94
4052	0.84
4053	0.03
4054	0.11
4055	1.08
4056	1.09
4057	0.35
4058	0.55
4059	0.28
4060	0.6
4061	0.82
4062	1.23
4063	1.19
4064	0.85
4065	1.01
4066	0.0
4067	0.44
4068	1.43
4069	0.95
4070	0.36
4071	1.21
4072	0.74
4073	1.17
4074	0.12
4075	0.54
4076	1.01
4077	1.06
4078	0.62
4079	1.34
4080	0.22
4081	0.18
4082	0.27
4083	1.16
4084	0.25
4085	0.62
4086	0.39
4087	1.09
4088	0.22
4089	0.61
4090	0.26
4091	0.11
4092	1.22
4093	1.0
4094	0.58
4095	1.13
4096	1.16
4097	1.34
4098	0.19
4099	0.24
4100	0.97
4101	1.34
4102	0.58
4103	0.02
4104	0.69
4105	0.34
4106	1.41
4107	0.98
4108	0.07
4109	0.35
4110	0.39
4111	1.01
4112	0.93
4113	0.45
4114	1.22
4115	1.11
4116	0.9
4117	0.15
4118	1.33
4119	0.52
4120	0.6
4121	0.23
4122	0.42
4123	1.21
4124	0.98
4125	0.99
4126	0.11
4127	1.29
4128	0.93
4129	0.09
4130	1.0
4131	0.22
4132	0.41
4133	1.01
4134	1.07
4135	0.91
4136	0.96
4137	1.42
4138	1.18
4139	0.01
4140	0.78
4141	0.58
4142	1.38
4143	1.34
4144	0.91
4145	0.74
4146	1.28
4147	0.05
4148	1.03
4149	0.93
4150	0.25
4151	0.32
4152	1.43
4153	0.26
4154	0.47
4155	1.01
4156	0.86
4157	0.07
4158	0.42
4159	0.73
4160	0.06
4161	0.26
4162	1.38
4163	0.24
4164	1.42
4165	0.51
4166	1.04
4167	1.14
4168	1.25
4169	1.12
4170	1.14
4171	0.29
4172	0.87
4173	0.45
4174	0.21
4175	0.28
4176	0.88
4177	0.29
4178	0.49
4179	0.18
4180	0.13
4181	0.21
4182	1.34
4183	0.93
4184	1.3
4185	0.97
4186	0.96
4187	1.29
4188	1.42
4189	0.24
4190	1.29
4191	0.37
4192	0.61
4193	0.21
4194	1.31
4195	1.01
4196	1.34
4197	0.55
4198	1.41
4199	1.33
4200	1.29
4201	0.05
4202	0.02
4203	0.18
4204	0.15
4205	1.31
4206	0.97
4207	0.1
4208	1.25
4209	1.23
4210	0.73
4211	0.62
4212	0.28
4213	1.18
4214	1.28
4215	0.45
4216	0.42
4217	0.6
4218	0.08
4219	0.66
4220	1.13
4221	0.18
4222	0.29
4223	0.04
4224	0.7
4225	0.8
4226	0.24
4227	1.22
4228	0.23
4229	1.14
4230	0.47
4231	0.44
4232	0.95
4233	0.94
4234	1.17
4235	0.3
4236	1.34
4237	0.89
4238	0.51
4239	1.06
4240	0.88
4241	0.86
4242	0.4
4243	0.64
4244	1.04
4245	0.78
4246	1.04
4247	0.99
4248	0.86
4249	0.72
4250	0.31
4251	0.99
4252	0.73
4253	0.63
4254	0.17
4255	0.66
4256	0.05
4257	0.38
4258	1.31
4259	0.04
4260	0.68
4261	0.95
4262	0.22
4263	0.87
4264	0.92
4265	0.25
4266	0.22
4267	1.04
4268	1.03
4269	0.73
4270	1.25
4271	0.41
4272	1.31
4273	1.04
4274	1.27
4275	0.76
4276	0.82
4277	1.37
4278	0.55
4279	0.88
4280	0.12
4281	1.2
4282	0.89
4283	1.14
4284	1.13
4285	0.3
4286	0.35
4287	1.37
4288	0.45
4289	0.55
4290	0.5
4291	0.91
4292	0.04
4293	0.79
4294	0.6
4295	0.63
4296	0.81
4297	0.77
4298	0.08
4299	0.8
4300	0.15
4301	0.58
4302	0.51
4303	0.25
4304	0.93
4305	0.02
4306	0.11
4307	0.6
4308	1.41
4309	1.28
4310	0.97
4311	0.29
4312	0.05
4313	1.04
4314	0.82
4315	0.65
4316	0.97
4317	1.06
4318	0.16
4319	0.24
4320	0.16
4321	1.28
4322	1.32
4323	1.02
4324	0.68
4325	0.28
4326	0.65
4327	0.69
4328	0.18
4329	0.5
4330	0.3
4331	0.32
4332	0.56
4333	0.52
4334	0.14
4335	0.54
4336	1.01
4337	0.61
4338	1.06
4339	1.25
4340	0.1
4341	0.08
4342	1.32
4343	0.18
4344	0.55
4345	0.05
4346	0.52
4347	0.99
4348	0.49
4349	0.5
4350	1.0
4351	0.22
4352	0.48
4353	1.29
4354	0.28
4355	0.37
4356	1.17
4357	0.82
4358	0.8
4359	1.37
4360	0.51
4361	1.42
4362	0.75
4363	0.44
4364	0.76
4365	0.09
4366	1.36
4367	1.0
4368	1.24
4369	1.24
4370	1.06
4371	0.82
4372	0.67
4373	1.43
4374	0.05
4375	0.8
4376	0.74
4377	0.99
4378	0.18
4379	1.15
4380	0.59
4381	0.41
4382	0.15
4383	1.0
4384	0.02
4385	1.0
4386	0.96
4387	0.71
4388	0.69
4389	0.52
4390	0.33
4391	1.05
4392	0.27
4393	0.36
4394	1.37
4395	1.42
4396	1.08
4397	0.62
4398	1.11
4399	0.37
4400	0.67
4401	1.3
4402	0.37
4403	1.17
4404	1.02
4405	0.27
4406	1.04
4407	0.94
4408	0.38
4409	1.25
4410	0.56
4411	0.19
4412	0.8
4413	0.67
4414	0.47
4415	1.12
4416	0.21
4417	0.41
4418	1.08
4419	1.12
4420	0.6
4421	1.06
4422	0.09
4423	0.54
4424	1.34
4425	0.05
4426	0.99
4427	0.68
4428	0.91
4429	1.15
4430	1.04
4431	0.28
4432	1.39
4433	0.25
4434	1.09
4435	1.43
4436	0.2
4437	1.16
4438	1.44
4439	1.26
4440	1.12
4441	0.96
4442	0.33
4443	0.19
4444	1.19
4445	1.19
4446	0.37
4447	0.07
4448	1.2
4449	1.37
4450	0.55
4451	0.56
4452	0.11
4453	1.33
4454	0.76
4455	0.47
4456	0.4
4457	1.18
4458	0.06
4459	1.18
4460	0.05
4461	0.5
4462	1.34
4463	1.32
4464	1.32
4465	0.21
4466	1.17
4467	0.26
4468	1.21
4469	0.73
4470	0.51
4471	0.34
4472	0.33
4473	0.02
4474	0.59
4475	1.11
4476	0.16
4477	0.84
4478	0.72
4479	0.98
4480	0.06
4481	0.7
4482	1.23
4483	0.62
4484	0.71
4485	0.41
4486	0.97
4487	1.23
4488	0.75
4489	1.04
4490	0.81
4491	0.18
4492	0.52
4493	0.32
4494	1.13
4495	1.33
4496	1.41
4497	0.94
4498	0.81
4499	0.48
4500	0.28
4501	1.25
4502	0.63
4503	0.76
4504	1.04
4505	0.72
4506	0.74
4507	0.7
4508	0.62
4509	0.93
4510	0.06
4511	1.42
4512	0.38
4513	1.26
4514	1.02
4515	1.34
4516	0.82
4517	0.26
4518	0.78
4519	0.84
4520	0.5
4521	0.81
4522	1.33
4523	0.35
4524	0.45
4525	1.08
4526	0.31
4527	0.52
4528	0.44
4529	0.61
4530	0.22
4531	0.29
4532	0.38
4533	0.39
4534	0.37
4535	0.36
4536	0.61
4537	0.21
4538	1.19
4539	0.47
4540	0.49
4541	1.11
4542	1.06
4543	0.43
4544	0.09
4545	0.47
4546	0.94
4547	1.02
4548	0.27
4549	0.33
4550	0.77
4551	1.17
4552	0.8
4553	0.81
4554	1.14
4555	0.57
4556	0.62
4557	0.09
4558	0.49
4559	0.55
4560	1.34
4561	0.28
4562	0.23
4563	0.52
4564	0.63
4565	0.93
4566	1.05
4567	1.16
4568	0.28
4569	0.79
4570	0.37
4571	0.44
4572	0.08
4573	1.44
4574	0.57
4575	0.55
4576	0.18
4577	0.64
4578	0.37
4579	0.81
4580	0.4
4581	0.79
4582	0.94
4583	1.12
4584	0.28
4585	0.38
4586	0.26
4587	1.44
4588	0.32
4589	1.37
4590	1.4
4591	0.9
4592	1.37
4593	1.26
4594	0.62
4595	0.97
4596	1.39
4597	1.04
4598	0.53
4599	0.26
4600	0.83
4601	0.13
4602	0.73
4603	0.23
4604	0.12
4605	0.44
4606	0.95
4607	0.74
4608	1.13
4609	0.2
4610	1.14
4611	0.28
4612	0.12
4613	0.46
4614	0.5
4615	1.15
4616	0.08
4617	1.05
4618	1.43
4619	1.42
4620	0.63
4621	0.96
4622	1.22
4623	1.25
4624	0.09
4625	0.08
4626	1.34
4627	0.88
4628	0.64
4629	0.41
4630	0.25
4631	0.12
4632	0.18
4633	0.3
4634	0.99
4635	0.02
4636	0.56
4637	0.81
4638	0.63
4639	0.69
4640	0.36
4641	1.23
4642	0.0
4643	0.06
4644	0.73
4645	0.28
4646	0.3
4647	1.18
4648	1.13
4649	1.28
4650	0.4
4651	0.96
4652	0.98
4653	0.65
4654	1.19
4655	1.24
4656	0.91
4657	0.98
4658	1.05
4659	0.64
4660	0.59
4661	0.96
4662	1.09
4663	1.43
4664	0.49
4665	0.81
4666	1.07
4667	0.71
4668	0.73
4669	0.02
4670	0.51
4671	1.16
4672	1.37
4673	0.05
4674	0.8
4675	0.6
4676	0.0
4677	0.85
4678	0.7
4679	0.23
4680	0.79
4681	0.28
4682	1.39
4683	0.08
4684	1.16
4685	0.72
4686	0.62
4687	1.26
4688	0.52
4689	0.09
4690	0.59
4691	1.14
4692	0.82
4693	0.68
4694	0.9
4695	0.86
4696	0.92
4697	0.6
4698	0.74
4699	0.06
4700	0.38
4701	0.85
4702	0.14
4703	0.81
4704	1.16
4705	1.42
4706	1.24
4707	1.0
4708	0.1
4709	0.91
4710	0.59
4711	0.96
4712	0.88
4713	1.09
4714	0.99
4715	0.04
4716	1.06
4717	1.35
4718	1.41
4719	0.1
4720	0.38
4721	1.26
4722	0.72
4723	1.37
4724	0.77
4725	0.85
4726	1.27
4727	1.33
4728	0.22
4729	0.85
4730	0.15
4731	1.41
4732	0.56
4733	0.11
4734	0.8
4735	0.63
4736	1.36
4737	0.22
4738	0.54
4739	0.9
4740	0.02
4741	1.3
4742	0.17
4743	0.51
4744	0.57
4745	0.13
4746	1.33
4747	0.45
4748	0.96
4749	0.6
4750	0.91
4751	1.33
4752	1.06
4753	0.22
4754	0.42
4755	0.05
4756	0.66
4757	0.49
4758	0.67
4759	0.02
4760	0.57
4761	0.82
4762	0.78
4763	0.26
4764	1.21
4765	0.45
4766	1.44
4767	0.14
4768	1.41
4769	0.48
4770	1.22
4771	0.62
4772	1.07
4773	0.81
4774	0.21
4775	0.58
4776	0.25
4777	0.59
4778	0.8
4779	0.07
4780	0.74
4781	1.29
4782	0.12
4783	0.05
4784	0.86
4785	0.48
4786	1.43
4787	1.41
4788	0.29
4789	0.07
4790	0.98
4791	0.84
4792	0.78
4793	0.5
4794	0.59
4795	0.62
4796	0.48
4797	0.61
4798	0.11
4799	0.61
4800	1.08
4801	0.75
4802	0.89
4803	1.12
4804	0.4
4805	0.91
4806	0.14
4807	0.44
4808	0.54
4809	1.1
4810	0.89
4811	0.48
4812	0.19
4813	0.29
4814	1.03
4815	0.03
4816	1.09
4817	1.4
4818	0.58
4819	0.32
4820	0.82
4821	0.91
4822	0.97
4823	0.04
4824	1.22
4825	1.24
4826	0.83
4827	0.96
4828	1.22
4829	1.34
4830	1.03
4831	1.35
4832	0.49
4833	0.81
4834	0.8
4835	0.85
4836	1.15
4837	0.91
4838	1.21
4839	0.58
4840	0.66
4841	1.28
4842	1.41
4843	0.96
4844	1.12
4845	1.21
4846	0.71
4847	1.26
4848	0.71
4849	0.64
4850	0.7
4851	1.0
4852	0.79
4853	1.14
4854	1.0
4855	1.01
4856	0.15
4857	0.45
4858	0.57
4859	0.22
4860	0.64
4861	1.37
4862	1.43
4863	0.88
4864	1.43
4865	0.65
4866	0.32
4867	0.79
4868	0.71
4869	0.23
4870	0.85
4871	0.07
4872	0.45
4873	0.62
4874	1.24
4875	0.38
4876	1.39
4877	1.17
4878	0.82
4879	0.99
4880	0.41
4881	0.21
4882	0.33
4883	0.65
4884	1.06
4885	0.21
4886	0.65
4887	0.6
4888	0.59
4889	0.51
4890	1.2
4891	0.12
4892	0.66
4893	0.63
4894	1.42
4895	0.47
4896	0.13
4897	1.05
4898	0.24
4899	0.06
4900	0.61
4901	1.04
4902	1.4
4903	1.27
4904	0.33
4905	0.32
4906	0.11
4907	1.11
4908	0.96
4909	1.44
4910	0.61
4911	0.09
4912	0.79
4913	0.41
4914	1.11
4915	0.83
4916	0.17
4917	0.62
4918	1.42
4919	0.37
4920	0.19
4921	0.27
4922	1.27
4923	0.34
4924	0.4
4925	0.66
4926	1.36
4927	1.27
4928	1.38
4929	1.29
4930	1.38
4931	0.22
4932	0.3
4933	1.04
4934	0.71
4935	0.9
4936	0.04
4937	0.28
4938	0.72
4939	0.63
4940	0.96
4941	0.56
4942	1.01
4943	1.16
4944	0.82
4945	0.43
4946	0.5
4947	0.06
4948	0.06
4949	1.02
4950	0.77
4951	0.13
4952	0.68
4953	0.43
4954	0.84
4955	0.28
4956	0.78
4957	1.32
4958	1.26
4959	1.02
4960	1.31
4961	1.01
4962	1.33
4963	1.27
4964	0.43
4965	1.06
4966	0.7
4967	1.09
4968	1.1
4969	0.47
4970	0.32
4971	0.01
4972	0.82
4973	0.51
4974	1.19
4975	1.06
4976	0.55
4977	0.88
4978	0.45
4979	1.41
4980	0.56
4981	1.21
4982	1.15
4983	0.6
4984	1.36
4985	0.3
4986	1.16
4987	1.43
4988	1.07
4989	0.96
4990	0.28
4991	1.37
4992	0.75
4993	1.38
4994	1.33
4995	1.38
4996	0.58
4997	1.07
4998	1.42
4999	1.18
5000	1.44
5001	0.96
5002	1.34
5003	0.03
5004	1.11
5005	0.45
5006	1.1
5007	1.37
5008	0.53
5009	0.82
5010	0.48
5011	0.54
5012	1.13
5013	1.24
5014	0.83
5015	0.26
5016	1.06
5017	0.25
5018	0.66
5019	0.81
5020	1.19
5021	0.85
5022	1.35
5023	0.2
5024	0.88
5025	1.04
5026	0.98
5027	1.34
5028	1.12
5029	0.97
5030	1.06
5031	1.05
5032	1.42
5033	1.14
5034	0.24
5035	1.01
5036	0.42
5037	0.86
5038	1.2
5039	0.09
5040	0.98
5041	0.63
5042	0.91
5043	0.5
5044	1.16
5045	0.51
5046	0.45
5047	1.29
5048	1.15
5049	0.13
5050	1.27
5051	0.89
5052	0.63
5053	1.27
5054	0.14
5055	0.05
5056	0.99
5057	0.39
5058	1.15
5059	0.74
5060	0.2
5061	0.72
5062	1.41
5063	1.23
5064	0.07
5065	1.3
5066	0.5
5067	0.37
5068	0.54
5069	0.02
5070	0.77
5071	0.68
5072	0.31
5073	0.83
5074	0.71
5075	1.34
5076	0.04
5077	0.83
5078	1.02
5079	1.32
5080	0.84
5081	0.2
5082	0.48
5083	0.05
5084	1.12
5085	0.31
5086	1.38
5087	0.11
5088	1.4
5089	1.28
5090	1.42
5091	0.3
5092	1.3
5093	0.62
5094	0.37
5095	0.77
5096	1.34
5097	0.36
5098	0.88
5099	1.04
5100	1.04
5101	0.16
5102	0.38
5103	1.34
5104	1.06
5105	0.18
5106	0.93
5107	0.03
5108	0.44
5109	1.32
5110	1.4
5111	0.27
5112	1.03
5113	1.28
5114	1.26
5115	0.99
5116	0.63
5117	0.3
5118	1.2
5119	0.98
5120	0.8
5121	0.23
5122	0.13
5123	1.43
5124	0.45
5125	0.63
5126	1.34
5127	0.59
5128	0.98
5129	1.43
5130	0.73
5131	0.19
5132	1.15
5133	0.84
5134	1.38
5135	0.8
5136	0.63
5137	0.05
5138	0.79
5139	0.29
5140	1.34
5141	0.82
5142	0.47
5143	0.09
5144	1.21
5145	1.35
5146	0.48
5147	0.83
5148	1.28
5149	1.22
5150	0.19
5151	1.27
5152	0.6
5153	0.83
5154	0.06
5155	0.14
5156	1.0
5157	0.77
5158	0.97
5159	1.08
5160	1.08
5161	0.63
5162	1.08
5163	1.04
5164	0.89
5165	0.88
5166	0.8
5167	1.01
5168	1.1
5169	0.81
5170	1.1
5171	0.67
5172	0.4
5173	0.7
5174	0.04
5175	0.86
5176	0.12
5177	0.91
5178	0.71
5179	0.6
5180	0.8
5181	0.79
5182	0.39
5183	0.81
5184	0.01
5185	1.02
5186	0.8
5187	0.78
5188	1.02
5189	0.08
5190	1.27
5191	0.12
5192	0.01
5193	0.59
5194	1.09
5195	0.51
5196	1.42
5197	1.22
5198	0.42
5199	0.52
5200	0.57
5201	0.45
5202	1.02
5203	0.94
5204	1.37
5205	0.41
5206	0.09
5207	0.0
5208	0.36
5209	0.85
5210	1.32
5211	0.46
5212	1.28
5213	0.73
5214	0.13
5215	1.17
5216	1.07
5217	0.55
5218	0.59
5219	0.6
5220	0.68
5221	1.03
5222	0.58
5223	1.06
5224	0.68
5225	0.12
5226	1.39
5227	1.14
5228	0.82
5229	0.0
5230	0.25
5231	0.04
5232	1.11
5233	0.95
5234	1.38
5235	0.86
5236	1.31
5237	0.22
5238	1.32
5239	0.48
5240	0.23
5241	0.02
5242	1.14
5243	0.63
5244	0.71
5245	0.92
5246	1.17
5247	0.52
5248	0.33
5249	0.93
5250	1.28
5251	0.67
5252	0.22
5253	0.63
5254	0.34
5255	0.83
5256	0.08
5257	0.84
5258	0.12
5259	0.95
5260	0.5
5261	1.18
5262	0.79
5263	0.31
5264	0.07
5265	0.52
5266	1.07
5267	1.29
5268	1.22
5269	0.18
5270	0.51
5271	1.32
5272	0.83
5273	0.01
5274	0.95
5275	0.25
5276	0.34
5277	1.38
5278	0.51
5279	1.14
5280	0.02
5281	0.9
5282	0.6
5283	0.86
5284	0.12
5285	0.48
5286	1.11
5287	0.15
5288	0.5
5289	1.39
5290	0.2
5291	0.15
5292	0.81
5293	0.25
5294	1.3
5295	1.27
5296	1.19
5297	0.07
5298	0.74
5299	0.43
5300	1.24
5301	0.45
5302	0.71
5303	0.8
5304	0.5
5305	0.26
5306	1.21
5307	0.93
5308	1.37
5309	0.36
5310	0.33
5311	0.9
5312	0.89
5313	0.28
5314	1.11
5315	0.96
5316	0.84
5317	0.1
5318	0.94
5319	1.01
5320	0.66
5321	1.23
5322	1.23
5323	0.86
5324	0.3
5325	1.05
5326	0.69
5327	1.39
5328	0.25
5329	0.61
5330	0.47
5331	0.22
5332	0.82
5333	0.05
5334	0.46
5335	1.11
5336	1.25
5337	0.91
5338	1.17
5339	1.01
5340	0.37
5341	0.12
5342	0.48
5343	0.82
5344	1.23
5345	0.18
5346	0.81
5347	1.17
5348	0.78
5349	1.04
5350	1.12
5351	0.07
5352	0.38
5353	1.06
5354	0.07
5355	1.27
5356	1.24
5357	0.0
5358	0.54
5359	1.07
5360	0.27
5361	1.03
5362	0.73
5363	0.36
5364	1.02
5365	1.31
5366	0.37
5367	0.33
5368	1.04
5369	0.08
5370	1.39
5371	0.24
5372	0.53
5373	0.97
5374	1.01
5375	1.06
5376	1.35
5377	0.96
5378	1.07
5379	0.22
5380	1.04
5381	0.79
5382	0.16
5383	1.11
5384	0.92
5385	0.47
5386	0.71
5387	1.34
5388	1.23
5389	0.23
5390	0.58
5391	1.43
5392	0.92
5393	0.04
5394	0.18
5395	1.24
5396	1.21
5397	0.58
5398	0.76
5399	0.44
5400	0.45
5401	0.24
5402	0.05
5403	0.77
5404	1.4
5405	1.31
5406	1.31
5407	1.02
5408	1.04
5409	0.04
5410	1.02
5411	1.18
5412	0.71
5413	1.04
5414	0.69
5415	0.47
5416	0.72
5417	1.34
5418	1.16
5419	0.78
5420	1.26
5421	0.65
5422	0.26
5423	1.33
5424	1.15
5425	0.3
5426	1.19
5427	0.32
5428	0.53
5429	0.1
5430	0.16
5431	0.39
5432	0.52
5433	1.38
5434	0.7
5435	0.43
5436	1.14
5437	0.67
5438	0.54
5439	0.58
5440	0.66
5441	1.22
5442	1.12
5443	0.11
5444	0.86
5445	0.34
5446	0.59
5447	1.26
5448	0.71
5449	1.18
5450	0.57
5451	0.09
5452	0.58
5453	1.04
5454	0.11
5455	0.26
5456	0.62
5457	0.77
5458	1.18
5459	1.25
5460	1.09
5461	1.26
5462	0.86
5463	0.98
5464	0.39
5465	0.72
5466	0.74
5467	0.45
5468	1.38
5469	1.08
5470	1.07
5471	0.91
5472	0.32
5473	0.64
5474	0.49
5475	0.94
5476	1.21
5477	1.23
5478	0.88
5479	1.26
5480	0.8
5481	0.15
5482	0.45
5483	0.59
5484	1.15
5485	0.47
5486	1.28
5487	0.14
5488	0.56
5489	1.4
5490	0.22
5491	0.64
5492	0.55
5493	0.78
5494	1.41
5495	0.55
5496	0.1
5497	1.43
5498	0.58
5499	1.31
5500	0.42
5501	0.72
5502	1.29
5503	1.27
5504	0.39
5505	1.2
5506	0.36
5507	0.94
5508	1.38
5509	1.35
5510	0.2
5511	1.1
5512	0.85
5513	0.57
5514	0.78
5515	0.63
5516	0.84
5517	0.92
5518	0.84
5519	0.34
5520	0.36
5521	1.12
5522	0.95
5523	1.04
5524	0.74
5525	1.25
5526	0.58
5527	0.39
5528	0.95
5529	0.74
5530	0.4
5531	1.39
5532	0.63
5533	0.27
5534	0.18
5535	0.5
5536	1.09
5537	0.28
5538	0.51
5539	1.07
5540	1.21
5541	0.89
5542	1.09
5543	0.9
5544	1.0
5545	0.21
5546	1.35
5547	1.41
5548	0.35
5549	1.07
5550	0.44
5551	0.8
5552	1.38
5553	1.33
5554	0.77
5555	1.17
5556	0.74
5557	0.09
5558	0.28
5559	0.91
5560	0.93
5561	1.0
5562	1.2
5563	0.72
5564	0.29
5565	1.29
5566	0.34
5567	0.13
5568	0.13
5569	1.4
5570	0.15
5571	1.14
5572	1.05
5573	0.51
5574	0.47
5575	0.51
5576	0.31
5577	0.47
5578	1.42
5579	0.46
5580	0.53
5581	0.01
5582	0.77
5583	1.25
5584	0.29
5585	0.96
5586	0.32
5587	0.69
5588	0.38
5589	1.33
5590	1.03
5591	0.39
5592	0.27
5593	0.64
5594	0.02
5595	0.71
5596	0.68
5597	0.94
5598	0.45
5599	0.31
5600	0.95
5601	0.56
5602	0.08
5603	0.94
5604	0.56
5605	1.08
5606	0.87
5607	0.58
5608	0.43
5609	1.41
5610	1.18
5611	0.61
5612	0.6
5613	0.4
5614	0.66
5615	0.2
5616	0.67
5617	0.72
5618	0.28
5619	0.2
5620	0.62
5621	0.46
5622	0.34
5623	0.89
5624	1.2
5625	0.54
5626	1.38
5627	0.94
5628	0.62
5629	0.51
5630	0.14
5631	1.0
5632	1.22
5633	1.12
5634	0.14
5635	0.63
5636	0.59
5637	0.08
5638	0.03
5639	1.24
5640	0.02
5641	1.16
5642	1.0
5643	0.84
5644	0.72
5645	0.74
5646	0.51
5647	1.09
5648	1.41
5649	1.2
5650	0.57
5651	0.41
5652	1.27
5653	1.26
5654	0.12
5655	1.42
5656	0.68
5657	0.15
5658	1.34
5659	1.04
5660	1.16
5661	0.59
5662	0.91
5663	0.4
5664	0.84
5665	0.57
5666	0.16
5667	0.45
5668	0.03
5669	0.89
5670	0.46
5671	1.24
5672	0.55
5673	1.3
5674	1.24
5675	0.87
5676	0.2
5677	0.55
5678	0.38
5679	1.31
5680	1.18
5681	0.53
5682	1.22
5683	1.19
5684	1.08
5685	0.26
5686	0.76
5687	1.2
5688	0.59
5689	0.09
5690	0.0
5691	0.49
5692	1.01
5693	0.13
5694	1.11
5695	0.6
5696	0.1
5697	0.88
5698	0.83
5699	0.09
5700	0.03
5701	0.86
5702	0.74
5703	0.04
5704	0.79
5705	0.54
5706	0.14
5707	0.05
5708	0.07
5709	0.76
5710	0.77
5711	0.13
5712	0.3
5713	0.42
5714	0.71
5715	0.15
5716	1.21
5717	0.54
5718	0.02
5719	0.14
5720	0.59
5721	1.1
5722	0.81
5723	1.33
5724	1.06
5725	0.01
5726	1.34
5727	0.7
5728	0.58
5729	0.02
5730	0.62
5731	0.54
5732	1.19
5733	0.68
5734	1.3
5735	0.58
5736	1.02
5737	0.13
5738	0.62
5739	0.26
5740	0.85
5741	0.63
5742	1.02
5743	1.24
5744	1.15
5745	0.4
5746	1.37
5747	0.38
5748	0.63
5749	1.34
5750	1.23
5751	0.96
5752	0.32
5753	1.02
5754	0.34
5755	1.06
5756	1.33
5757	0.59
5758	0.05
5759	1.27
5760	0.23
5761	0.21
5762	0.31
5763	1.17
5764	1.26
5765	0.41
5766	1.17
5767	0.94
5768	1.1
5769	1.07
5770	1.33
5771	0.57
5772	0.26
5773	1.01
5774	0.38
5775	0.55
5776	1.18
5777	0.72
5778	0.82
5779	0.95
5780	0.24
5781	0.69
5782	0.92
5783	0.71
5784	0.75
5785	0.28
5786	1.15
5787	0.35
5788	0.34
5789	1.24
5790	0.64
5791	1.22
5792	0.68
5793	1.22
5794	0.27
5795	0.21
5796	0.99
5797	1.05
5798	1.42
5799	0.81
5800	0.99
5801	0.96
5802	1.18
5803	0.24
5804	0.07
5805	0.51
5806	0.76
5807	0.05
5808	0.03
5809	1.16
5810	1.12
5811	0.88
5812	0.9
5813	0.9
5814	0.49
5815	0.01
5816	0.66
5817	1.4
5818	1.42
5819	0.42
5820	0.27
5821	0.65
5822	0.99
5823	0.86
5824	1.3
5825	0.84
5826	1.29
5827	0.71
5828	1.13
5829	0.16
5830	0.21
5831	1.29
5832	0.17
5833	1.21
5834	1.05
5835	0.02
5836	0.52
5837	0.07
5838	1.1
5839	1.12
5840	0.18
5841	0.84
5842	1.01
5843	0.66
5844	1.12
5845	1.22
5846	0.78
5847	0.83
5848	1.34
5849	0.69
5850	1.16
5851	0.54
5852	0.7
5853	0.64
5854	0.2
5855	0.07
5856	0.14
5857	0.7
5858	0.42
5859	0.31
5860	0.76
5861	1.19
5862	0.07
5863	0.16
5864	0.89
5865	1.39
5866	1.1
5867	1.36
5868	0.39
5869	0.71
5870	0.68
5871	0.42
5872	1.35
5873	0.93
5874	0.59
5875	0.51
5876	1.41
5877	0.45
5878	1.29
5879	0.06
5880	0.67
5881	1.43
5882	0.95
5883	0.23
5884	0.26
5885	0.96
5886	1.13
5887	1.16
5888	0.38
5889	1.04
5890	0.51
5891	0.86
5892	0.99
5893	0.24
5894	0.94
5895	0.11
5896	0.44
5897	0.83
5898	0.6
5899	0.86
5900	0.06
5901	1.04
5902	0.31
5903	0.57
5904	0.44
5905	0.78
5906	1.17
5907	1.2
5908	1.18
5909	0.88
5910	0.78
5911	1.21
5912	1.1
5913	0.39
5914	0.6
5915	0.87
5916	0.1
5917	0.85
5918	1.31
5919	1.24
5920	0.61
5921	0.66
5922	0.64
5923	1.21
5924	1.22
5925	0.01
5926	0.16
5927	0.53
5928	0.33
5929	0.1
5930	0.28
5931	0.17
5932	0.32
5933	0.71
5934	0.05
5935	1.15
5936	0.77
5937	1.04
5938	1.04
5939	1.05
5940	0.12
5941	1.38
5942	0.51
5943	0.14
5944	1.28
5945	0.22
5946	0.21
5947	1.4
5948	0.36
5949	0.68
5950	0.97
5951	1.01
5952	0.56
5953	0.54
5954	0.87
5955	1.34
5956	0.86
5957	1.06
5958	0.75
5959	0.47
5960	1.3
5961	0.51
5962	1.18
5963	0.19
5964	1.28
5965	1.02
5966	1.17
5967	0.8
5968	0.58
5969	0.81
5970	0.6
5971	1.29
5972	1.21
5973	0.32
5974	0.33
5975	0.56
5976	0.2
5977	0.16
5978	1.19
5979	0.64
5980	1.08
5981	1.21
5982	0.78
5983	1.23
5984	0.77
5985	0.85
5986	1.2
5987	0.93
5988	0.28
5989	1.35
5990	1.23
5991	0.15
5992	0.15
5993	1.38
5994	0.81
5995	1.35
5996	1.33
5997	0.28
5998	1.4
5999	0.77
6000	0.03
6001	1.03
6002	0.2
6003	0.53
6004	0.75
6005	0.7
6006	0.21
6007	0.22
6008	0.81
6009	0.14
6010	0.28
6011	0.72
6012	0.35
6013	1.11
6014	0.61
6015	1.01
6016	0.56
6017	0.05
6018	0.16
6019	0.02
6020	1.39
6021	1.37
6022	0.89
6023	1.11
6024	0.36
6025	0.24
6026	0.35
6027	0.5
6028	0.75
6029	1.21
6030	0.26
6031	0.34
6032	1.43
6033	1.13
6034	1.43
6035	0.73
6036	0.05
6037	1.35
6038	1.11
6039	0.65
6040	1.1
6041	0.46
6042	0.36
6043	1.01
6044	1.31
6045	1.11
6046	0.36
6047	0.91
6048	0.57
6049	0.63
6050	1.38
6051	1.18
6052	0.48
6053	0.62
6054	0.54
6055	0.0
6056	0.79
6057	0.21
6058	0.16
6059	1.37
6060	0.63
6061	0.38
6062	0.74
6063	0.62
6064	0.83
6065	1.07
6066	0.34
6067	0.64
6068	0.05
6069	0.93
6070	1.14
6071	0.92
6072	1.25
6073	1.3
6074	0.36
6075	1.43
6076	1.1
6077	1.39
6078	0.02
6079	0.15
6080	1.37
6081	1.1
6082	0.27
6083	1.09
6084	0.56
6085	0.89
6086	0.03
6087	0.0
6088	0.36
6089	0.3
6090	1.4
6091	0.1
6092	1.02
6093	0.78
6094	1.24
6095	1.02
6096	0.85
6097	0.87
6098	1.17
6099	0.61
6100	0.01
6101	0.52
6102	0.24
6103	0.13
6104	0.12
6105	1.36
6106	1.06
6107	0.83
6108	0.19
6109	0.27
6110	0.77
6111	0.06
6112	1.01
6113	0.52
6114	1.38
6115	1.43
6116	0.28
6117	0.6
6118	0.98
6119	0.29
6120	1.0
6121	0.25
6122	1.12
6123	0.44
6124	0.53
6125	0.23
6126	1.42
6127	0.38
6128	0.07
6129	1.4
6130	0.81
6131	0.16
6132	0.67
6133	0.56
6134	0.67
6135	0.68
6136	0.1
6137	1.17
6138	0.16
6139	0.01
6140	0.76
6141	0.65
6142	0.58
6143	0.66
6144	0.71
6145	0.78
6146	1.29
6147	0.11
6148	0.33
6149	0.71
6150	0.42
6151	0.3
6152	1.4
6153	0.87
6154	0.02
6155	0.09
6156	0.98
6157	0.77
6158	0.11
6159	0.43
6160	1.13
6161	0.58
6162	0.6
6163	0.76
6164	0.59
6165	1.19
6166	0.45
6167	0.43
6168	0.43
6169	0.75
6170	1.44
6171	0.67
6172	1.19
6173	1.01
6174	0.79
6175	1.29
6176	0.87
6177	0.65
6178	0.1
6179	1.32
6180	0.51
6181	0.64
6182	0.54
6183	0.11
6184	0.89
6185	1.1
6186	1.43
6187	0.63
6188	1.44
6189	0.77
6190	0.87
6191	1.12
6192	1.02
6193	0.19
6194	0.07
6195	0.17
6196	1.03
6197	1.34
6198	1.44
6199	1.09
6200	1.27
6201	1.39
6202	0.62
6203	0.34
6204	0.72
6205	0.7
6206	1.31
6207	0.28
6208	0.11
6209	0.67
6210	1.23
6211	1.22
6212	1.17
6213	0.48
6214	1.25
6215	1.33
6216	0.18
6217	0.18
6218	0.94
6219	1.28
6220	1.11
6221	0.65
6222	0.42
6223	0.59
6224	0.79
6225	0.77
6226	0.17
6227	0.65
6228	0.46
6229	0.76
6230	0.97
6231	0.67
6232	0.71
6233	0.47
6234	0.9
6235	0.18
6236	0.63
6237	0.9
6238	0.01
6239	0.87
6240	1.21
6241	0.61
6242	0.83
6243	0.19
6244	1.19
6245	0.39
6246	1.03
6247	0.33
6248	0.27
6249	0.77
6250	0.75
6251	0.59
6252	0.29
6253	1.39
6254	0.86
6255	0.54
6256	0.68
6257	0.83
6258	1.16
6259	1.07
6260	1.43
6261	0.29
6262	0.81
6263	1.18
6264	0.86
6265	1.17
6266	0.42
6267	0.78
6268	1.42
6269	1.38
6270	1.33
6271	0.93
6272	0.17
6273	0.53
6274	0.62
6275	1.12
6276	0.13
6277	1.25
6278	0.13
6279	0.32
6280	0.19
6281	0.25
6282	0.4
6283	0.85
6284	0.66
6285	0.62
6286	1.23
6287	0.58
6288	1.25
6289	0.83
6290	0.29
6291	0.14
6292	1.22
6293	0.14
6294	1.03
6295	0.83
6296	0.53
6297	1.3
6298	0.76
6299	0.36
6300	1.43
6301	0.56
6302	0.1
6303	0.52
6304	0.92
6305	0.89
6306	1.43
6307	0.01
6308	0.95
6309	1.3
6310	0.73
6311	0.24
6312	1.13
6313	0.47
6314	0.88
6315	0.52
6316	0.35
6317	0.34
6318	0.28
6319	1.38
6320	0.88
6321	0.39
6322	0.32
6323	1.01
6324	1.04
6325	0.4
6326	0.48
6327	1.43
6328	1.31
6329	0.68
6330	0.41
6331	0.11
6332	0.88
6333	1.33
6334	0.13
6335	0.07
6336	1.28
6337	0.72
6338	0.37
6339	0.29
6340	0.33
6341	0.6
6342	0.39
6343	0.21
6344	0.83
6345	0.18
6346	1.09
6347	0.44
6348	1.33
6349	0.52
6350	0.97
6351	0.83
6352	0.33
6353	0.33
6354	0.71
6355	0.04
6356	0.27
6357	0.13
6358	0.72
6359	0.29
6360	0.19
6361	0.22
6362	0.84
6363	0.95
6364	1.01
6365	1.21
6366	0.24
6367	0.62
6368	1.02
6369	1.18
6370	1.41
6371	0.99
6372	0.78
6373	0.23
6374	1.37
6375	1.13
6376	1.19
6377	0.08
6378	1.21
6379	0.89
6380	0.15
6381	0.94
6382	1.35
6383	0.18
6384	0.19
6385	0.65
6386	0.03
6387	0.92
6388	1.2
6389	0.95
6390	0.56
6391	0.92
6392	0.45
6393	0.44
6394	0.82
6395	0.72
6396	1.44
6397	0.11
6398	0.09
6399	1.31
6400	0.11
6401	0.51
6402	1.2
6403	0.82
6404	0.41
6405	1.11
6406	0.74
6407	0.55
6408	0.75
6409	1.31
6410	0.65
6411	1.32
6412	0.08
6413	1.33
6414	1.19
6415	1.42
6416	1.38
6417	0.84
6418	1.08
6419	0.9
6420	0.01
6421	0.04
6422	1.03
6423	1.39
6424	0.68
6425	1.05
6426	0.32
6427	0.82
6428	0.31
6429	1.3
6430	1.39
6431	0.11
6432	0.92
6433	0.26
6434	0.0
6435	0.64
6436	0.73
6437	0.95
6438	0.96
6439	1.16
6440	1.18
6441	0.23
6442	0.77
6443	1.38
6444	0.19
6445	0.61
6446	0.68
6447	1.38
6448	1.3
6449	0.78
6450	1.15
6451	0.54
6452	0.88
6453	0.61
6454	0.42
6455	0.35
6456	1.24
6457	0.86
6458	0.15
6459	1.43
6460	0.37
6461	1.03
6462	0.32
6463	0.43
6464	1.13
6465	1.21
6466	0.49
6467	1.31
6468	0.54
6469	0.68
6470	1.43
6471	0.83
6472	1.27
6473	0.21
6474	1.22
6475	1.08
6476	0.62
6477	1.4
6478	0.3
6479	0.86
6480	0.58
6481	0.76
6482	0.78
6483	1.35
6484	0.78
6485	1.04
6486	0.41
6487	0.56
6488	0.47
6489	0.68
6490	0.94
6491	0.17
6492	0.27
6493	1.33
6494	1.19
6495	0.65
6496	0.4
6497	1.21
6498	0.56
6499	0.6
6500	0.39
6501	1.21
6502	0.85
6503	0.71
6504	0.51
6505	1.23
6506	1.2
6507	0.73
6508	1.19
6509	0.32
6510	0.37
6511	1.35
6512	0.26
6513	0.01
6514	0.44
6515	0.69
6516	0.73
6517	1.1
6518	0.87
6519	0.05
6520	0.6
6521	0.21
6522	0.3
6523	0.61
6524	0.52
6525	0.96
6526	0.24
6527	0.68
6528	0.4
6529	0.54
6530	1.05
6531	0.96
6532	1.14
6533	0.77
6534	0.05
6535	0.53
6536	0.37
6537	0.79
6538	1.1
6539	0.85
6540	0.25
6541	1.04
6542	1.35
6543	0.48
6544	0.89
6545	1.41
6546	0.96
6547	0.72
6548	0.38
6549	1.4
6550	0.31
6551	1.42
6552	1.08
6553	1.1
6554	0.11
6555	0.51
6556	1.17
6557	0.22
6558	0.88
6559	0.55
6560	1.34
6561	1.2
6562	0.71
6563	0.53
6564	0.06
6565	1.23
6566	0.16
6567	1.11
6568	0.81
6569	1.15
6570	0.5
6571	0.43
6572	0.97
6573	0.15
6574	0.04
6575	1.15
6576	0.34
6577	0.97
6578	1.42
6579	0.49
6580	0.47
6581	0.43
6582	0.73
6583	1.4
6584	0.88
6585	0.76
6586	0.74
6587	0.84
6588	0.03
6589	0.53
6590	1.2
6591	1.3
6592	0.35
6593	0.43
6594	0.87
6595	0.78
6596	1.08
6597	1.35
6598	0.89
6599	0.68
6600	0.62
6601	1.0
6602	1.21
6603	0.44
6604	0.73
6605	1.25
6606	0.0
6607	1.19
6608	0.06
6609	0.89
6610	1.23
6611	0.17
6612	1.15
6613	0.78
6614	0.02
6615	1.35
6616	0.69
6617	0.91
6618	1.2
6619	0.9
6620	1.03
6621	0.22
6622	1.43
6623	1.42
6624	0.01
6625	0.33
6626	0.04
6627	1.28
6628	0.81
6629	1.29
6630	1.08
6631	1.32
6632	0.74
6633	0.05
6634	0.96
6635	1.14
6636	0.72
6637	0.01
6638	0.67
6639	0.0
6640	0.14
6641	0.59
6642	1.02
6643	0.18
6644	1.33
6645	0.0
6646	0.74
6647	0.68
6648	0.5
6649	0.48
6650	0.58
6651	1.36
6652	0.35
6653	0.73
6654	1.14
6655	0.23
6656	0.04
6657	0.36
6658	1.33
6659	0.11
6660	0.73
6661	0.62
6662	0.23
6663	0.35
6664	0.29
6665	0.15
6666	0.35
6667	1.37
6668	0.08
6669	1.12
6670	0.84
6671	0.78
6672	0.72
6673	1.26
6674	0.72
6675	1.07
6676	1.11
6677	0.38
6678	0.52
6679	0.26
6680	0.84
6681	1.31
6682	0.82
6683	0.42
6684	0.16
6685	1.23
6686	0.94
6687	0.77
6688	0.97
6689	0.35
6690	0.71
6691	1.02
6692	0.52
6693	1.2
6694	0.71
6695	1.08
6696	1.14
6697	0.79
6698	1.06
6699	1.36
6700	0.27
6701	0.79
6702	1.11
6703	1.4
6704	0.89
6705	0.14
6706	1.02
6707	0.45
6708	0.86
6709	0.22
6710	1.44
6711	0.32
6712	1.18
6713	0.05
6714	0.07
6715	1.31
6716	0.77
6717	0.38
6718	1.23
6719	1.08
6720	1.42
6721	1.01
6722	0.59
6723	1.07
6724	1.08
6725	0.86
6726	0.7
6727	0.68
6728	0.87
6729	0.5
6730	0.36
6731	0.08
6732	1.14
6733	0.57
6734	0.07
6735	0.04
6736	0.27
6737	0.73
6738	0.9
6739	0.7
6740	0.47
6741	0.19
6742	0.9
6743	0.36
6744	0.51
6745	0.69
6746	0.7
6747	0.66
6748	1.03
6749	0.69
6750	0.9
6751	0.71
6752	0.91
6753	1.3
6754	1.04
6755	0.3
6756	1.28
6757	0.77
6758	0.1
6759	0.52
6760	1.2
6761	1.31
6762	1.4
6763	0.59
6764	0.64
6765	0.87
6766	1.42
6767	0.92
6768	0.14
6769	0.56
6770	0.14
6771	0.83
6772	0.46
6773	0.02
6774	0.94
6775	0.64
6776	1.42
6777	0.04
6778	0.94
6779	0.87
6780	0.96
6781	1.12
6782	0.55
6783	1.01
6784	0.24
6785	0.77
6786	1.13
6787	0.95
6788	1.25
6789	1.16
6790	0.87
6791	0.1
6792	0.33
6793	0.78
6794	1.21
6795	1.11
6796	0.79
6797	0.84
6798	0.61
6799	0.57
6800	0.7
6801	0.88
6802	0.26
6803	1.02
6804	1.21
6805	0.16
6806	0.21
6807	0.26
6808	0.48
6809	0.16
6810	0.21
6811	0.75
6812	1.12
6813	1.36
6814	0.52
6815	1.32
6816	0.32
6817	1.2
6818	1.0
6819	0.96
6820	0.67
6821	1.12
6822	1.01
6823	1.03
6824	0.24
6825	1.18
6826	0.57
6827	1.36
6828	0.75
6829	0.18
6830	0.03
6831	0.02
6832	0.39
6833	0.68
6834	0.82
6835	1.09
6836	1.07
6837	0.71
6838	0.43
6839	0.93
6840	0.48
6841	1.21
6842	1.24
6843	1.43
6844	0.26
6845	1.39
6846	1.07
6847	0.09
6848	1.41
6849	0.75
6850	0.5
6851	0.69
6852	1.37
6853	1.38
6854	1.15
6855	0.13
6856	0.6
6857	0.4
6858	0.69
6859	1.37
6860	0.52
6861	0.23
6862	0.33
6863	1.23
6864	1.01
6865	0.38
6866	0.23
6867	0.95
6868	0.75
6869	0.23
6870	1.42
6871	0.87
6872	0.05
6873	0.06
6874	0.76
6875	0.63
6876	0.01
6877	0.55
6878	1.32
6879	0.96
6880	0.42
6881	0.88
6882	0.67
6883	1.38
6884	0.26
6885	0.03
6886	0.41
6887	0.42
6888	0.63
6889	0.24
6890	0.92
6891	0.47
6892	1.38
6893	0.02
6894	1.22
6895	1.08
6896	1.01
6897	0.97
6898	0.97
6899	0.63
6900	0.94
6901	1.36
6902	0.9
6903	0.64
6904	1.19
6905	0.65
6906	0.79
6907	1.14
6908	1.12
6909	0.49
6910	0.62
6911	0.61
6912	0.99
6913	1.12
6914	0.16
6915	1.24
6916	0.71
6917	1.06
6918	1.39
6919	0.62
6920	0.15
6921	0.76
6922	0.38
6923	0.47
6924	0.89
6925	0.61
6926	0.35
6927	0.47
6928	0.93
6929	0.62
6930	0.55
6931	0.46
6932	1.21
6933	1.12
6934	0.76
6935	0.45
6936	0.48
6937	0.53
6938	0.98
6939	0.15
6940	1.39
6941	0.37
6942	1.25
6943	0.88
6944	1.18
6945	1.08
6946	1.38
6947	0.54
6948	0.46
6949	0.92
6950	0.21
6951	0.47
6952	0.09
6953	1.27
6954	0.36
6955	1.38
6956	1.19
6957	0.79
6958	0.22
6959	1.31
6960	0.05
6961	0.36
6962	0.55
6963	0.71
6964	1.01
6965	0.79
6966	0.53
6967	0.04
6968	0.94
6969	1.32
6970	0.01
6971	1.0
6972	0.51
6973	0.45
6974	0.24
6975	1.28
6976	0.07
6977	0.31
6978	0.69
6979	0.04
6980	0.07
6981	1.35
6982	0.81
6983	0.52
6984	1.31
6985	1.36
6986	0.3
6987	0.45
6988	1.31
6989	0.27
6990	0.33
6991	0.57
6992	0.99
6993	0.21
6994	1.06
6995	0.83
6996	1.4
6997	0.89
6998	0.6
6999	0.83
7000	1.26
7001	0.55
7002	1.07
7003	1.16
7004	1.15
7005	0.59
7006	1.36
7007	0.38
7008	0.75
7009	1.43
7010	0.07
7011	1.15
7012	0.91
7013	0.74
7014	0.68
7015	0.28
7016	0.57
7017	0.61
7018	1.24
7019	0.76
7020	0.09
7021	0.64
7022	0.21
7023	0.62
7024	0.67
7025	0.82
7026	1.17
7027	0.9
7028	0.74
7029	1.33
7030	1.01
7031	0.35
7032	0.43
7033	1.2
7034	1.38
7035	1.03
7036	1.13
7037	0.17
7038	0.23
7039	0.12
7040	0.68
7041	0.22
7042	0.1
7043	1.28
7044	0.8
7045	1.02
7046	0.45
7047	0.14
7048	0.75
7049	0.19
7050	0.97
7051	0.92
7052	0.01
7053	0.78
7054	0.63
7055	0.08
7056	1.31
7057	0.57
7058	1.38
7059	0.09
7060	0.32
7061	0.64
7062	0.03
7063	0.12
7064	0.47
7065	1.33
7066	0.84
7067	0.0
7068	0.65
7069	0.82
7070	0.53
7071	0.83
7072	0.98
7073	1.4
7074	0.52
7075	1.39
7076	0.15
7077	0.89
7078	0.62
7079	0.6
7080	1.18
7081	1.24
7082	0.59
7083	0.5
7084	0.26
7085	0.07
7086	1.22
7087	1.02
7088	0.11
7089	0.89
7090	0.56
7091	1.04
7092	0.46
7093	0.14
7094	1.37
7095	0.48
7096	0.29
7097	1.21
7098	1.05
7099	0.7
7100	1.19
7101	0.28
7102	0.1
7103	0.44
7104	1.39
7105	0.42
7106	0.69
7107	1.23
7108	1.32
7109	0.88
7110	0.77
7111	0.2
7112	1.1
7113	0.29
7114	1.04
7115	0.39
7116	0.73
7117	1.12
7118	1.03
7119	0.56
7120	0.6
7121	1.32
7122	0.77
7123	0.77
7124	1.35
7125	0.33
7126	1.32
7127	1.14
7128	0.3
7129	1.35
7130	0.23
7131	0.02
7132	1.38
7133	0.76
7134	1.21
7135	0.03
7136	1.07
7137	1.22
7138	0.1
7139	1.37
7140	0.3
7141	0.83
7142	0.02
7143	0.14
7144	1.06
7145	0.84
7146	1.27
7147	0.3
7148	1.15
7149	0.97
7150	0.99
7151	1.37
7152	1.18
7153	0.01
7154	0.03
7155	0.86
7156	1.05
7157	0.83
7158	1.25
7159	0.76
7160	0.89
7161	0.43
7162	1.23
7163	0.01
7164	1.35
7165	1.0
7166	0.21
7167	0.45
7168	1.41
7169	0.74
7170	0.8
7171	0.43
7172	0.08
7173	0.24
7174	0.85
7175	1.17
7176	1.01
7177	0.61
7178	1.09
7179	1.37
7180	1.07
7181	0.76
7182	0.2
7183	0.36
7184	0.89
7185	0.54
7186	0.12
7187	0.6
7188	0.97
7189	0.58
7190	0.28
7191	0.23
7192	1.19
7193	1.22
7194	0.28
7195	0.34
7196	0.06
7197	0.16
7198	0.4
7199	0.34
7200	1.04
7201	0.92
7202	1.28
7203	0.68
7204	0.23
7205	0.71
7206	1.05
7207	1.28
7208	1.09
7209	0.16
7210	1.15
7211	0.1
7212	1.35
7213	1.34
7214	0.67
7215	0.25
7216	1.17
7217	0.3
7218	0.08
7219	1.12
7220	0.52
7221	0.71
7222	1.15
7223	0.68
7224	0.78
7225	0.41
7226	0.81
7227	0.87
7228	0.62
7229	0.16
7230	0.22
7231	0.38
7232	0.37
7233	0.15
7234	0.08
7235	0.24
7236	0.86
7237	0.38
7238	0.23
7239	0.26
7240	0.27
7241	0.72
7242	0.79
7243	0.18
7244	0.44
7245	0.4
7246	0.1
7247	0.27
7248	0.32
7249	1.13
7250	0.29
7251	0.15
7252	1.42
7253	0.13
7254	0.76
7255	0.61
7256	1.1
7257	1.14
7258	1.3
7259	0.73
7260	0.35
7261	1.41
7262	0.7
7263	0.43
7264	0.77
7265	1.04
7266	0.41
7267	1.06
7268	0.51
7269	0.7
7270	0.1
7271	1.22
7272	1.03
7273	0.86
7274	1.1
7275	0.31
7276	0.77
7277	0.19
7278	0.08
7279	0.42
7280	0.59
7281	0.78
7282	0.27
7283	0.93
7284	0.83
7285	0.44
7286	1.12
7287	0.25
7288	0.02
7289	0.73
7290	1.34
7291	0.14
7292	0.22
7293	0.46
7294	0.66
7295	0.85
7296	1.38
7297	0.9
7298	1.25
7299	1.38
7300	0.58
7301	0.92
7302	0.98
7303	1.34
7304	0.26
7305	1.14
7306	0.62
7307	0.1
7308	0.94
7309	0.48
7310	1.17
7311	0.68
7312	1.29
7313	0.35
7314	0.82
7315	0.6
7316	1.07
7317	0.82
7318	1.08
7319	0.26
7320	0.36
7321	0.52
7322	1.41
7323	0.83
7324	0.09
7325	1.07
7326	0.55
7327	0.49
7328	0.59
7329	1.44
7330	0.45
7331	0.45
7332	1.27
7333	1.44
7334	0.7
7335	0.72
7336	0.57
7337	0.43
7338	1.12
7339	0.2
7340	0.85
7341	0.83
7342	0.92
7343	1.43
7344	1.14
7345	0.19
7346	0.88
7347	0.66
7348	1.11
7349	0.13
7350	0.71
7351	0.73
7352	0.78
7353	0.8
7354	0.17
7355	0.87
7356	0.0
7357	1.29
7358	0.09
7359	0.76
7360	0.18
7361	0.78
7362	0.59
7363	0.61
7364	1.33
7365	0.59
7366	1.16
7367	0.04
7368	1.28
7369	0.87
7370	1.08
7371	0.82
7372	1.1
7373	1.21
7374	1.42
7375	0.47
7376	0.2
7377	1.18
7378	0.57
7379	0.14
7380	0.81
7381	0.02
7382	1.35
7383	0.63
7384	0.21
7385	0.39
7386	1.09
7387	1.36
7388	0.86
7389	0.14
7390	1.14
7391	0.56
7392	0.83
7393	1.21
7394	0.66
7395	0.77
7396	0.8
7397	0.18
7398	0.42
7399	0.04
7400	0.51
7401	0.67
7402	1.16
7403	1.15
7404	0.16
7405	1.23
7406	0.32
7407	0.54
7408	1.23
7409	0.18
7410	0.72
7411	0.46
7412	0.93
7413	1.3
7414	0.77
7415	0.14
7416	1.29
7417	0.12
7418	0.71
7419	0.28
7420	0.92
7421	0.11
7422	0.52
7423	0.97
7424	0.69
7425	0.97
7426	1.04
7427	0.9
7428	1.4
7429	0.54
7430	0.69
7431	0.58
7432	0.96
7433	0.04
7434	0.9
7435	0.83
7436	0.37
7437	1.28
7438	0.82
7439	0.28
7440	0.99
7441	0.77
7442	0.59
7443	0.74
7444	0.32
7445	0.51
7446	1.35
7447	0.7
7448	0.76
7449	0.31
7450	0.22
7451	0.69
7452	1.06
7453	1.14
7454	0.3
7455	0.89
7456	0.33
7457	0.24
7458	0.86
7459	0.08
7460	0.19
7461	0.13
7462	0.63
7463	1.01
7464	0.23
7465	0.3
7466	0.26
7467	0.14
7468	1.41
7469	0.52
7470	0.91
7471	1.09
7472	0.32
7473	1.19
7474	0.03
7475	0.51
7476	1.42
7477	0.76
7478	0.07
7479	0.44
7480	0.94
7481	0.59
7482	0.57
7483	0.25
7484	1.34
7485	1.4
7486	0.54
7487	1.32
7488	0.44
7489	1.13
7490	1.16
7491	1.22
7492	0.66
7493	0.43
7494	0.99
7495	0.6
7496	1.13
7497	0.9
7498	1.1
7499	1.11
7500	0.15
7501	0.65
7502	1.38
7503	0.11
7504	0.86
7505	1.36
7506	1.37
7507	1.39
7508	0.41
7509	0.6
7510	0.29
7511	0.34
7512	0.3
7513	1.34
7514	0.94
7515	0.91
7516	1.43
7517	0.07
7518	1.22
7519	0.58
7520	1.04
7521	1.37
7522	0.78
7523	1.1
7524	0.93
7525	0.95
7526	0.29
7527	0.29
7528	1.0
7529	0.24
7530	0.73
7531	0.78
7532	1.44
7533	0.79
7534	0.29
7535	1.18
7536	1.14
7537	0.18
7538	0.66
7539	1.29
7540	0.22
7541	0.1
7542	0.53
7543	1.43
7544	0.2
7545	0.65
7546	1.1
7547	1.36
7548	1.15
7549	0.9
7550	0.52
7551	0.2
7552	0.84
7553	0.67
7554	0.41
7555	1.09
7556	0.89
7557	0.57
7558	0.04
7559	0.23
7560	1.24
7561	0.97
7562	1.32
7563	0.5
7564	0.12
7565	0.31
7566	0.54
7567	0.16
7568	0.77
7569	0.28
7570	1.17
7571	0.06
7572	0.19
7573	0.08
7574	1.19
7575	0.11
7576	1.14
7577	0.67
7578	0.44
7579	1.1
7580	1.27
7581	1.16
7582	0.01
7583	0.86
7584	0.2
7585	0.57
7586	0.54
7587	0.16
7588	0.58
7589	0.05
7590	0.37
7591	0.6
7592	0.98
7593	1.1
7594	1.33
7595	1.01
7596	1.35
7597	1.2
7598	0.11
7599	0.23
7600	0.91
7601	1.41
7602	1.01
7603	0.73
7604	0.3
7605	0.9
7606	1.11
7607	0.98
7608	0.0
7609	0.49
7610	0.85
7611	0.93
7612	0.39
7613	0.87
7614	0.05
7615	0.98
7616	1.19
7617	0.93
7618	0.86
7619	0.59
7620	0.22
7621	1.31
7622	0.72
7623	0.93
7624	0.3
7625	0.94
7626	0.07
7627	0.68
7628	1.08
7629	0.26
7630	0.16
7631	0.33
7632	0.42
7633	1.42
7634	0.13
7635	1.2
7636	0.36
7637	0.51
7638	0.6
7639	1.19
7640	0.04
7641	0.35
7642	0.37
7643	1.24
7644	0.06
7645	0.53
7646	1.17
7647	0.89
7648	0.02
7649	0.78
7650	0.85
7651	0.6
7652	0.54
7653	1.21
7654	0.98
7655	0.85
7656	0.21
7657	1.12
7658	0.06
7659	0.31
7660	0.31
7661	0.9
7662	0.54
7663	0.85
7664	1.32
7665	0.24
7666	1.09
7667	0.77
7668	0.52
7669	0.93
7670	0.29
7671	0.27
7672	0.97
7673	0.36
7674	1.08
7675	0.14
7676	0.2
7677	0.12
7678	0.65
7679	0.71
7680	0.57
7681	1.15
7682	1.06
7683	1.26
7684	0.8
7685	0.12
7686	0.46
7687	1.05
7688	0.84
7689	1.36
7690	0.24
7691	0.91
7692	0.14
7693	0.81
7694	1.26
7695	1.39
7696	0.63
7697	0.53
7698	0.21
7699	1.43
7700	1.16
7701	0.2
7702	0.92
7703	0.15
7704	0.14
7705	0.78
7706	0.2
7707	0.33
7708	0.69
7709	0.9
7710	0.26
7711	1.15
7712	0.62
7713	0.72
7714	0.72
7715	0.45
7716	0.08
7717	1.02
7718	0.31
7719	0.15
7720	1.03
7721	0.31
7722	1.41
7723	1.12
7724	0.36
7725	1.07
7726	0.95
7727	0.59
7728	0.57
7729	1.34
7730	1.19
7731	0.9
7732	1.21
7733	0.15
7734	0.04
7735	1.39
7736	0.14
7737	0.65
7738	1.2
7739	1.02
7740	1.4
7741	0.77
7742	0.77
7743	1.34
7744	0.59
7745	0.85
7746	0.72
7747	1.29
7748	1.15
7749	1.32
7750	1.08
7751	1.04
7752	0.01
7753	0.89
7754	0.36
7755	0.8
7756	0.91
7757	0.57
7758	1.44
7759	0.46
7760	1.12
7761	1.16
7762	1.26
7763	0.11
7764	0.9
7765	1.32
7766	0.87
7767	1.22
7768	0.31
7769	0.48
7770	0.26
7771	0.11
7772	1.05
7773	1.35
7774	0.08
7775	0.63
7776	1.11
7777	1.27
7778	1.12
7779	0.23
7780	1.01
7781	0.33
7782	0.34
7783	0.95
7784	0.68
7785	0.51
7786	1.34
7787	0.95
7788	0.21
7789	0.07
7790	0.07
7791	0.64
7792	1.15
7793	0.95
7794	1.12
7795	0.11
7796	1.13
7797	1.28
7798	0.96
7799	1.05
7800	0.03
7801	0.66
7802	1.33
7803	0.22
7804	0.88
7805	0.47
7806	0.34
7807	0.09
7808	0.07
7809	0.56
7810	0.95
7811	0.59
7812	1.19
7813	0.26
7814	0.34
7815	0.35
7816	0.07
7817	0.96
7818	1.17
7819	0.38
7820	1.44
7821	0.64
7822	0.83
7823	0.15
7824	0.49
7825	0.54
7826	0.78
7827	0.88
7828	0.36
7829	0.93
7830	0.44
7831	0.26
7832	0.54
7833	1.0
7834	0.44
7835	1.24
7836	0.28
7837	1.11
7838	0.29
7839	0.44
7840	0.92
7841	1.41
7842	0.89
7843	1.34
7844	0.01
7845	0.35
7846	0.05
7847	1.37
7848	0.24
7849	0.43
7850	1.42
7851	0.84
7852	0.86
7853	0.71
7854	0.94
7855	0.85
7856	0.07
7857	0.94
7858	0.13
7859	0.98
7860	0.27
7861	0.77
7862	1.12
7863	0.49
7864	1.42
7865	1.22
7866	1.11
7867	1.44
7868	0.59
7869	0.75
7870	0.58
7871	0.5
7872	0.4
7873	0.4
7874	0.92
7875	0.58
7876	0.01
7877	1.05
7878	0.95
7879	0.22
7880	1.08
7881	1.1
7882	0.29
7883	1.36
7884	0.84
7885	1.18
7886	0.77
7887	1.28
7888	0.69
7889	0.59
7890	0.62
7891	0.41
7892	0.69
7893	0.43
7894	0.48
7895	1.2
7896	1.28
7897	0.17
7898	0.11
7899	1.18
7900	0.1
7901	0.49
7902	0.98
7903	0.47
7904	0.72
7905	0.46
7906	0.15
7907	0.8
7908	0.47
7909	0.58
7910	1.04
7911	1.35
7912	0.3
7913	0.34
7914	1.05
7915	0.85
7916	0.23
7917	0.3
7918	1.11
7919	1.0
7920	0.97
7921	0.25
7922	0.65
7923	1.31
7924	0.56
7925	0.7
7926	1.2
7927	0.08
7928	0.67
7929	0.27
7930	0.85
7931	0.94
7932	0.72
7933	0.29
7934	0.74
7935	0.21
7936	0.24
7937	1.19
7938	0.41
7939	1.35
7940	1.18
7941	0.44
7942	0.62
7943	1.26
7944	0.1
7945	0.35
7946	0.34
7947	0.14
7948	1.06
7949	0.72
7950	0.03
7951	0.78
7952	0.29
7953	1.07
7954	0.65
7955	1.1
7956	1.08
7957	1.08
7958	0.2
7959	0.93
7960	0.58
7961	0.36
7962	1.03
7963	0.17
7964	0.22
7965	0.86
7966	0.02
7967	0.17
7968	0.89
7969	0.99
7970	0.85
7971	0.49
7972	0.39
7973	0.04
7974	1.17
7975	0.22
7976	0.61
7977	1.11
7978	0.68
7979	0.45
7980	0.38
7981	0.16
7982	1.27
7983	0.56
7984	0.14
7985	0.17
7986	0.75
7987	0.57
7988	0.58
7989	1.4
7990	0.76
7991	0.73
7992	0.55
7993	1.12
7994	0.05
7995	0.43
7996	0.81
7997	0.24
7998	1.1
7999	0.56
8000	0.77
8001	1.02
8002	0.09
8003	0.19
8004	1.02
8005	1.3
8006	0.64
8007	0.72
8008	0.07
8009	0.7
8010	1.13
8011	0.27
8012	0.03
8013	0.2
8014	0.15
8015	1.08
8016	0.32
8017	0.04
8018	0.7
8019	0.67
8020	1.26
8021	0.27
8022	1.11
8023	0.02
8024	0.46
8025	0.47
8026	0.6
8027	1.35
8028	0.8
8029	0.46
8030	0.2
8031	0.0
8032	0.72
8033	0.83
8034	0.95
8035	0.03
8036	1.29
8037	0.52
8038	0.32
8039	0.2
8040	0.86
8041	1.14
8042	0.01
8043	0.46
8044	0.21
8045	0.34
8046	0.39
8047	1.4
8048	0.75
8049	1.14
8050	1.25
8051	0.99
8052	1.01
8053	0.29
8054	0.79
8055	0.08
8056	1.22
8057	1.24
8058	0.88
8059	0.96
8060	0.27
8061	1.26
8062	0.76
8063	1.35
8064	0.23
8065	1.41
8066	0.8
8067	1.4
8068	0.02
8069	0.78
8070	0.51
8071	0.12
8072	1.15
8073	0.93
8074	0.58
8075	0.36
8076	0.2
8077	0.49
8078	0.88
8079	1.41
8080	0.88
8081	0.25
8082	0.64
8083	0.57
8084	0.4
8085	0.21
8086	0.61
8087	1.2
8088	1.23
8089	0.45
8090	0.35
8091	1.06
8092	1.33
8093	0.93
8094	0.81
8095	1.3
8096	1.06
8097	0.63
8098	0.24
8099	0.81
8100	1.36
8101	1.03
8102	0.31
8103	1.0
8104	0.79
8105	0.25
8106	1.31
8107	0.02
8108	1.33
8109	0.81
8110	1.29
8111	0.45
8112	0.17
8113	0.12
8114	1.35
8115	0.42
8116	0.71
8117	0.76
8118	1.31
8119	0.57
8120	1.33
8121	1.2
8122	0.33
8123	0.75
8124	0.65
8125	0.7
8126	0.92
8127	0.86
8128	0.45
8129	0.57
8130	0.6
8131	1.11
8132	0.33
8133	0.68
8134	0.75
8135	0.75
8136	0.32
8137	0.11
8138	1.26
8139	1.19
8140	0.43
8141	0.41
8142	1.13
8143	0.81
8144	0.21
8145	1.0
8146	0.31
8147	0.5
8148	0.05
8149	1.01
8150	1.37
8151	1.03
8152	1.44
8153	1.29
8154	0.17
8155	0.47
8156	1.32
8157	0.47
8158	0.18
8159	0.46
8160	0.72
8161	0.79
8162	1.37
8163	0.93
8164	0.64
8165	0.6
8166	0.17
8167	1.11
8168	0.35
8169	1.03
8170	0.51
8171	1.42
8172	1.26
8173	1.15
8174	0.97
8175	0.77
8176	0.88
8177	1.25
8178	0.1
8179	0.1
8180	0.03
8181	0.94
8182	0.51
8183	1.23
8184	0.94
8185	0.89
8186	0.46
8187	1.1
8188	1.43
8189	1.12
8190	0.32
8191	0.75
8192	0.03
8193	1.14
8194	1.41
8195	0.41
8196	0.57
8197	1.18
8198	0.1
8199	0.49
8200	0.4
8201	0.12
8202	0.41
8203	0.91
8204	0.21
8205	0.06
8206	1.24
8207	1.33
8208	0.63
8209	1.3
8210	0.66
8211	1.17
8212	1.43
8213	0.12
8214	0.07
8215	0.15
8216	1.36
8217	0.75
8218	1.27
8219	1.14
8220	0.37
8221	0.11
8222	0.9
8223	0.6
8224	0.09
8225	0.73
8226	0.53
8227	0.18
8228	0.2
8229	1.17
8230	0.74
8231	0.95
8232	1.19
8233	0.53
8234	0.37
8235	0.93
8236	1.0
8237	1.24
8238	0.1
8239	1.03
8240	0.07
8241	0.09
8242	1.06
8243	0.18
8244	0.56
8245	0.88
8246	1.35
8247	0.07
8248	0.08
8249	0.55
8250	0.95
8251	1.23
8252	0.88
8253	1.38
8254	1.38
8255	0.94
8256	0.92
8257	1.44
8258	1.34
8259	1.01
8260	1.35
8261	1.17
8262	0.0
8263	0.07
8264	0.83
8265	1.08
8266	0.17
8267	1.23
8268	0.78
8269	0.91
8270	0.36
8271	1.22
8272	0.57
8273	0.53
8274	1.14
8275	0.28
8276	0.66
8277	1.19
8278	1.26
8279	1.06
8280	0.15
8281	0.89
8282	0.79
8283	0.51
8284	0.19
8285	0.46
8286	0.25
8287	0.27
8288	0.7
8289	0.8
8290	0.68
8291	0.12
8292	0.0
8293	0.97
8294	0.52
8295	0.67
8296	1.02
8297	0.74
