0	0.97
1	0.62
2	0.04
3	1.12
4	0.14
5	0.65
6	0.67
7	0.61
8	0.56
9	1.3
10	0.55
11	1.0
12	1.13
13	1.05
14	0.94
15	0.5
16	0.52
17	0.18
18	1.28
19	0.95
20	0.89
21	0.2
22	0.4
23	0.94
24	0.24
25	0.37
26	0.04
27	0.1
28	0.02
29	0.86
30	0.52
31	0.23
32	0.02
33	0.63
34	0.46
35	1.15
36	0.04
37	0.3
38	0.85
39	1.39
40	0.44
41	0.76
42	0.02
43	1.29
44	0.31
45	1.13
46	1.41
47	1.1
48	1.36
49	0.26
50	0.48
51	0.58
52	0.02
53	1.28
54	0.43
55	0.41
56	0.88
57	0.02
58	1.23
59	0.86
60	0.86
61	0.55
62	0.72
63	0.83
64	0.34
65	0.9
66	1.09
67	0.4
68	1.36
69	0.79
70	1.39
71	1.06
72	0.67
73	1.11
74	0.73
75	1.1
76	0.77
77	0.12
78	0.38
79	0.58
80	0.83
81	0.32
82	0.27
83	0.38
84	0.97
85	1.18
86	1.09
87	0.58
88	1.3
89	0.88
90	0.32
91	0.66
92	1.42
93	1.31
94	0.44
95	1.41
96	1.15
97	0.53
98	1.07
99	1.43
100	0.2
101	1.28
102	0.2
103	1.4
104	1.19
105	1.31
106	0.38
107	1.28
108	0.39
109	0.22
110	1.31
111	0.92
112	0.03
113	0.98
114	0.95
115	1.4
116	0.75
117	1.3
118	0.22
119	0.61
120	0.95
121	1.04
122	1.02
123	0.52
124	0.78
125	0.08
126	0.94
127	0.37
128	0.37
129	0.92
130	0.74
131	0.16
132	0.37
133	0.05
134	0.24
135	0.46
136	0.61
137	0.04
138	0.5
139	0.05
140	0.14
141	0.03
142	1.43
143	0.26
144	0.96
145	1.11
146	1.12
147	1.17
148	1.36
149	0.59
150	0.88
151	0.9
152	0.56
153	0.38
154	1.21
155	0.16
156	0.76
157	1.0
158	0.0
159	0.68
160	1.38
161	0.56
162	1.39
163	1.21
164	0.51
165	0.26
166	0.43
167	0.59
168	1.2
169	0.74
170	0.72
171	1.07
172	0.37
173	0.49
174	0.87
175	1.05
176	1.32
177	1.2
178	1.16
179	0.56
180	1.19
181	1.3
182	0.63
183	0.06
184	1.11
185	0.05
186	0.7
187	0.46
188	0.45
189	1.19
190	0.46
191	0.86
192	0.01
193	1.16
194	1.42
195	0.12
196	0.95
197	1.42
198	0.08
199	0.02
200	0.92
201	0.46
202	0.35
203	1.09
204	0.25
205	1.17
206	0.19
207	0.41
208	0.79
209	0.59
210	1.42
211	0.8
212	0.27
213	0.97
214	0.23
215	0.17
216	0.29
217	0.77
218	1.39
219	0.02
220	0.42
221	0.76
222	0.38
223	0.62
224	0.56
225	0.63
226	0.22
227	1.0
228	0.71
229	0.07
230	0.36
231	0.24
232	1.26
233	0.76
234	1.02
235	0.76
236	1.39
237	1.08
238	0.16
239	1.43
240	1.41
241	0.68
242	0.64
243	1.26
244	1.06
245	1.28
246	1.05
247	0.75
248	0.13
249	1.4
250	0.86
251	1.0
252	0.53
253	0.57
254	1.17
255	0.14
256	0.91
257	1.32
258	0.21
259	1.29
260	1.2
261	0.36
262	1.3
263	0.83
264	0.39
265	0.83
266	0.36
267	0.37
268	0.56
269	0.82
270	0.3
271	1.11
272	0.81
273	1.38
274	0.44
275	1.18
276	0.36
277	1.19
278	1.42
279	1.4
280	0.62
281	0.65
282	1.4
283	0.46
284	0.46
285	0.73
286	0.74
287	1.27
288	0.55
289	0.13
290	1.41
291	0.77
292	1.43
293	0.11
294	0.25
295	0.62
296	0.08
297	0.79
298	1.43
299	0.32
300	0.67
301	1.09
302	0.49
303	0.55
304	0.66
305	0.67
306	0.5
307	1.35
308	0.49
309	1.04
310	1.2
311	0.07
312	0.84
313	0.44
314	0.12
315	1.2
316	1.37
317	0.13
318	0.28
319	0.74
320	0.09
321	0.68
322	0.27
323	0.07
324	0.56
325	0.53
326	0.4
327	0.74
328	0.34
329	0.67
330	0.37
331	0.28
332	0.91
333	0.44
334	0.57
335	0.73
336	0.4
337	0.59
338	1.12
339	1.16
340	0.09
341	0.47
342	0.0
343	0.88
344	1.01
345	1.42
346	0.15
347	1.36
348	0.81
349	1.29
350	1.28
351	0.67
352	0.99
353	0.48
354	0.54
355	0.59
356	1.34
357	0.86
358	0.16
359	0.48
360	0.64
361	0.93
362	0.01
363	0.31
364	1.17
365	0.94
366	1.06
367	1.32
368	0.74
369	0.32
370	1.18
371	0.86
372	0.89
373	0.47
374	0.55
375	0.45
376	0.37
377	0.07
378	0.4
379	0.02
380	0.93
381	0.53
382	0.94
383	0.13
384	0.32
385	0.74
386	0.83
387	0.1
388	0.14
389	0.03
390	0.79
391	0.19
392	0.58
393	0.8
394	0.24
395	1.1
396	0.73
397	1.36
398	0.78
399	0.86
400	0.37
401	0.17
402	1.37
403	0.17
404	0.42
405	1.12
406	0.15
407	1.09
408	0.73
409	0.23
410	0.2
411	0.49
412	0.68
413	1.0
414	0.34
415	0.29
416	0.52
417	0.92
418	1.11
419	1.26
420	0.48
421	1.4
422	1.26
423	0.9
424	1.34
425	1.32
426	1.14
427	0.21
428	1.34
429	0.77
430	1.01
431	1.42
432	0.83
433	0.22
434	0.55
435	0.61
436	1.4
437	0.65
438	1.1
439	0.13
440	0.71
441	1.22
442	0.26
443	1.26
444	1.06
445	0.19
446	0.18
447	0.9
448	0.49
449	0.48
450	0.3
451	0.32
452	0.76
453	0.62
454	1.31
455	0.97
456	1.19
457	0.71
458	0.97
459	0.44
460	0.86
461	0.51
462	0.13
463	0.51
464	0.07
465	1.36
466	1.02
467	0.07
468	0.36
469	0.7
470	0.54
471	1.0
472	0.36
473	0.89
474	0.5
475	1.24
476	0.69
477	0.98
478	0.32
479	0.2
480	0.11
481	0.98
482	1.18
483	0.34
484	0.99
485	1.25
486	0.25
487	0.07
488	0.69
489	0.58
490	0.47
491	0.07
492	1.01
493	0.94
494	0.3
495	0.23
496	0.64
497	0.22
498	1.38
499	0.58
500	0.6
501	0.55
502	1.17
503	0.66
504	0.49
505	0.86
506	0.48
507	0.8
508	1.18
509	1.05
510	0.49
511	0.15
512	1.24
513	0.94
514	0.64
515	0.45
516	0.68
517	0.21
518	0.43
519	0.89
520	0.8
521	1.06
522	1.19
523	0.04
524	0.34
525	0.32
526	0.95
527	1.06
528	0.35
529	0.26
530	1.42
531	1.36
532	1.29
533	0.83
534	0.71
535	0.68
536	0.8
537	1.2
538	0.62
539	1.23
540	0.77
541	0.02
542	0.63
543	1.08
544	0.0
545	0.1
546	0.65
547	0.26
548	0.77
549	1.15
550	1.44
551	0.52
552	0.71
553	0.1
554	0.64
555	0.51
556	0.56
557	1.36
558	0.81
559	0.21
560	0.46
561	0.08
562	0.78
563	0.17
564	0.81
565	1.0
566	0.51
567	0.57
568	0.85
569	1.24
570	0.48
571	0.64
572	0.26
573	1.18
574	0.91
575	1.29
576	1.06
577	1.36
578	0.46
579	0.89
580	1.28
581	0.2
582	1.0
583	0.57
584	0.04
585	0.47
586	1.29
587	0.01
588	0.51
589	1.19
590	0.54
591	1.18
592	1.08
593	0.51
594	0.03
595	0.96
596	1.38
597	1.39
598	0.09
599	0.39
600	0.54
601	0.74
602	0.33
603	0.26
604	0.68
605	0.52
606	0.03
607	0.57
608	0.31
609	0.5
610	0.62
611	1.0
612	0.49
613	1.07
614	1.01
615	1.19
616	0.14
617	0.15
618	0.48
619	1.32
620	0.2
621	0.49
622	1.32
623	1.37
624	0.9
625	1.09
626	0.28
627	1.4
628	1.36
629	0.58
630	0.63
631	1.15
632	0.74
633	1.37
634	0.8
635	1.11
636	0.63
637	0.4
638	0.69
639	0.48
640	1.19
641	0.33
642	1.35
643	0.27
644	0.78
645	0.13
646	0.01
647	0.64
648	0.75
649	0.63
650	1.44
651	0.99
652	1.1
653	0.08
654	0.6
655	0.08
656	0.99
657	0.75
658	0.34
659	1.22
660	0.42
661	0.98
662	0.32
663	0.29
664	0.45
665	1.02
666	0.09
667	0.86
668	0.39
669	0.17
670	0.72
671	1.32
672	0.99
673	1.25
674	0.18
675	0.42
676	1.39
677	0.69
678	0.89
679	0.83
680	0.22
681	0.46
682	0.06
683	0.09
684	0.49
685	0.44
686	0.33
687	1.16
688	0.26
689	1.14
690	1.14
691	1.23
692	0.97
693	0.42
694	1.29
695	0.26
696	0.84
697	0.65
698	1.06
699	1.42
700	1.11
701	1.32
702	0.15
703	0.37
704	1.17
705	1.05
706	1.24
707	0.75
708	0.56
709	0.4
710	0.13
711	0.74
712	0.2
713	1.21
714	0.89
715	1.41
716	0.55
717	1.11
718	0.34
719	0.06
720	0.85
721	0.72
722	0.43
723	0.35
724	0.8
725	0.38
726	0.81
727	1.16
728	0.45
729	0.77
730	0.66
731	1.0
732	1.34
733	0.1
734	1.07
735	0.97
736	1.08
737	1.29
738	0.9
739	0.73
740	1.02
741	1.06
742	0.2
743	1.07
744	0.41
745	0.58
746	0.25
747	0.55
748	1.06
749	0.05
750	1.14
751	1.33
752	0.78
753	1.17
754	0.54
755	1.32
756	0.7
757	0.28
758	0.61
759	1.28
760	0.11
761	0.23
762	0.5
763	0.3
764	1.09
765	1.2
766	0.93
767	1.22
768	0.9
769	0.08
770	0.59
771	1.0
772	1.26
773	0.75
774	1.06
775	0.88
776	1.43
777	1.07
778	1.32
779	1.42
780	0.19
781	1.31
782	0.32
783	0.92
784	1.25
785	1.18
786	0.21
787	0.78
788	0.63
789	0.1
790	0.9
791	0.9
792	0.87
793	0.6
794	0.52
795	0.31
796	1.26
797	0.83
798	0.45
799	1.17
800	0.98
801	0.78
802	0.89
803	0.53
804	1.36
805	0.61
806	0.61
807	0.66
808	0.68
809	1.07
810	0.57
811	0.57
812	0.06
813	0.25
814	1.41
815	0.1
816	0.25
817	0.95
818	1.3
819	1.32
820	1.2
821	0.15
822	0.14
823	1.39
824	0.9
825	1.33
826	0.15
827	0.26
828	0.42
829	0.24
830	0.41
831	0.75
832	0.22
833	1.11
834	0.98
835	0.62
836	1.27
837	1.2
838	0.52
839	0.08
840	1.13
841	1.28
842	0.91
843	0.69
844	0.7
845	0.39
846	1.28
847	0.75
848	1.07
849	1.18
850	0.6
851	0.29
852	1.44
853	1.36
854	0.6
855	0.75
856	0.93
857	0.39
858	0.35
859	0.19
860	0.46
861	0.54
862	0.96
863	1.4
864	0.97
865	0.12
866	1.23
867	0.32
868	1.23
869	0.65
870	1.05
871	0.21
872	1.28
873	0.1
874	1.36
875	0.0
876	0.48
877	0.45
878	1.22
879	1.04
880	0.62
881	0.72
882	0.54
883	1.43
884	1.03
885	0.67
886	0.09
887	0.88
888	0.72
889	0.1
890	0.03
891	0.0
892	0.03
893	0.63
894	0.69
895	0.04
896	1.16
897	0.66
898	1.05
899	0.57
900	0.37
901	0.57
902	1.04
903	0.1
904	1.24
905	1.15
906	0.93
907	0.88
908	1.42
909	0.3
910	0.12
911	1.39
912	0.17
913	0.17
914	0.48
915	0.06
916	1.06
917	0.03
918	0.66
919	0.79
920	0.91
921	0.85
922	0.33
923	1.03
924	1.38
925	0.5
926	0.53
927	0.21
928	0.01
929	0.81
930	0.55
931	0.34
932	0.75
933	0.25
934	1.36
935	0.82
936	0.19
937	0.46
938	1.43
939	1.12
940	1.22
941	1.22
942	0.89
943	0.23
944	0.42
945	0.68
946	0.68
947	0.69
948	1.38
949	0.91
950	0.19
951	0.31
952	1.07
953	1.04
954	0.15
955	1.38
956	0.84
957	0.54
958	1.38
959	0.08
960	0.07
961	0.1
962	1.17
963	1.13
964	0.18
965	0.32
966	0.85
967	1.06
968	0.49
969	1.41
970	0.95
971	0.66
972	0.33
973	0.41
974	1.22
975	0.07
976	1.35
977	0.52
978	0.53
979	0.3
980	1.29
981	0.62
982	1.08
983	0.42
984	0.07
985	0.32
986	1.03
987	0.59
988	0.62
989	0.82
990	0.99
991	0.07
992	0.66
993	1.04
994	0.14
995	0.14
996	0.05
997	1.01
998	0.25
999	0.9
1000	0.83
1001	0.37
1002	0.97
1003	1.06
1004	1.21
1005	0.43
1006	1.29
1007	0.08
1008	0.14
1009	0.58
1010	0.51
1011	0.25
1012	0.43
1013	0.75
1014	0.22
1015	0.83
1016	0.35
1017	0.05
1018	0.07
1019	1.24
1020	1.4
1021	1.2
1022	0.97
1023	0.48
1024	0.73
1025	0.92
1026	0.59
1027	0.47
1028	0.89
1029	0.83
1030	0.82
1031	0.22
1032	1.07
1033	0.1
1034	0.92
1035	0.64
1036	1.29
1037	0.85
1038	0.2
1039	0.87
1040	1.1
1041	0.76
1042	0.55
1043	0.77
1044	0.54
1045	1.03
1046	1.04
1047	1.13
1048	0.39
1049	0.33
1050	0.24
1051	0.58
1052	0.45
1053	0.23
1054	0.72
1055	1.27
1056	0.67
1057	0.13
1058	0.57
1059	1.21
1060	0.23
1061	1.06
1062	0.8
1063	0.7
1064	0.63
1065	0.58
1066	1.16
1067	1.35
1068	1.42
1069	1.19
1070	1.02
1071	1.22
1072	1.06
1073	0.47
1074	0.38
1075	0.38
1076	1.05
1077	0.29
1078	1.34
1079	0.83
1080	0.98
1081	0.5
1082	0.34
1083	1.38
1084	0.29
1085	0.6
1086	1.38
1087	0.78
1088	0.22
1089	1.03
1090	0.89
1091	1.02
1092	0.85
1093	0.4
1094	0.77
1095	0.65
1096	0.17
1097	0.11
1098	1.21
1099	0.67
1100	0.76
1101	0.63
1102	1.08
1103	0.35
1104	1.19
1105	0.88
1106	0.16
1107	0.33
1108	0.2
1109	0.1
1110	0.35
1111	0.87
1112	0.03
1113	0.57
1114	0.02
1115	0.41
1116	0.18
1117	0.95
1118	0.95
1119	0.27
1120	0.49
1121	0.76
1122	0.95
1123	1.11
1124	0.72
1125	0.22
1126	0.61
1127	0.18
1128	0.21
1129	1.0
1130	0.19
1131	1.11
1132	0.54
1133	0.46
1134	0.04
1135	0.6
1136	1.1
1137	0.5
1138	0.31
1139	0.74
1140	0.48
1141	0.31
1142	1.41
1143	0.05
1144	1.35
1145	1.11
1146	1.3
1147	0.73
1148	1.33
1149	1.12
1150	1.43
1151	0.61
1152	1.37
1153	0.11
1154	1.16
1155	0.26
1156	0.8
1157	0.95
1158	0.82
1159	0.7
1160	0.94
1161	0.13
1162	1.19
1163	1.03
1164	0.8
1165	0.0
1166	1.28
1167	0.68
1168	0.01
1169	0.04
1170	0.8
1171	0.68
1172	0.17
1173	0.54
1174	1.19
1175	0.37
1176	0.81
1177	0.73
1178	1.02
1179	1.27
1180	0.9
1181	1.13
1182	0.76
1183	0.9
1184	1.13
1185	0.98
1186	0.48
1187	0.47
1188	0.7
1189	1.41
1190	0.27
1191	1.16
1192	1.05
1193	0.23
1194	0.8
1195	1.2
1196	0.88
1197	0.66
1198	0.51
1199	0.09
1200	0.18
1201	0.76
1202	0.4
1203	0.1
1204	0.35
1205	1.03
1206	0.53
1207	0.8
1208	1.06
1209	0.25
1210	0.82
1211	0.84
1212	0.38
1213	0.01
1214	0.77
1215	0.95
1216	0.63
1217	0.39
1218	0.38
1219	1.41
1220	0.22
1221	0.59
1222	0.27
1223	0.01
1224	0.98
1225	0.61
1226	0.37
1227	0.14
1228	0.7
1229	0.52
1230	0.33
1231	0.3
1232	0.54
1233	0.26
1234	1.26
1235	1.33
1236	1.29
1237	0.92
1238	0.53
1239	0.89
1240	0.43
1241	0.99
1242	0.6
1243	0.37
1244	1.29
1245	0.9
1246	0.79
1247	0.65
1248	0.12
1249	1.01
1250	0.04
1251	0.12
1252	0.32
1253	0.42
1254	0.39
1255	0.65
1256	0.27
1257	1.3
1258	1.09
1259	0.56
1260	0.69
1261	1.25
1262	0.62
1263	0.41
1264	0.32
1265	0.47
1266	1.25
1267	0.81
1268	0.65
1269	1.29
1270	1.29
1271	0.72
1272	0.87
1273	0.86
1274	0.97
1275	0.95
1276	0.12
1277	0.87
1278	1.33
1279	1.35
1280	0.13
1281	1.29
1282	0.39
1283	0.08
1284	0.37
1285	0.56
1286	1.2
1287	1.06
1288	0.5
1289	0.81
1290	0.08
1291	0.59
1292	0.34
1293	1.11
1294	0.58
1295	1.37
1296	0.29
1297	0.44
1298	0.27
1299	0.1
1300	0.2
1301	0.36
1302	0.76
1303	1.28
1304	0.3
1305	0.03
1306	0.72
1307	0.7
1308	1.39
1309	0.75
1310	0.43
1311	1.11
1312	0.19
1313	0.15
1314	0.94
1315	0.1
1316	0.55
1317	0.47
1318	0.42
1319	0.71
1320	0.11
1321	0.55
1322	1.2
1323	0.56
1324	1.02
1325	0.49
1326	0.76
1327	0.84
1328	0.74
1329	1.33
1330	0.52
1331	0.68
1332	0.63
1333	0.62
1334	0.87
1335	0.17
1336	1.26
1337	1.04
1338	0.24
1339	0.61
1340	0.33
1341	1.01
1342	1.07
1343	0.39
1344	1.24
1345	1.09
1346	1.06
1347	1.41
1348	1.29
1349	0.12
1350	1.35
1351	0.84
1352	0.82
1353	0.17
1354	0.25
1355	0.1
1356	0.68
1357	1.1
1358	0.25
1359	0.83
1360	1.18
1361	0.29
1362	1.17
1363	1.07
1364	1.13
1365	0.45
1366	1.22
1367	0.73
1368	1.41
1369	0.5
1370	0.85
1371	0.67
1372	1.41
1373	0.92
1374	0.38
1375	1.33
1376	1.4
1377	0.74
1378	0.56
1379	0.0
1380	0.2
1381	0.42
1382	0.23
1383	1.35
1384	1.29
1385	0.63
1386	0.31
1387	0.11
1388	0.7
1389	0.46
1390	0.81
1391	0.16
1392	1.37
1393	1.15
1394	0.26
1395	1.33
1396	1.02
1397	0.71
1398	1.44
1399	0.66
1400	0.4
1401	1.2
1402	0.05
1403	0.87
1404	0.87
1405	0.47
1406	1.12
1407	0.3
1408	1.43
1409	0.7
1410	0.11
1411	1.42
1412	1.1
1413	0.46
1414	1.01
1415	0.56
1416	0.36
1417	0.01
1418	0.52
1419	0.86
1420	1.04
1421	0.78
1422	1.16
1423	1.28
1424	0.79
1425	0.8
1426	0.16
1427	0.34
1428	0.62
1429	0.52
1430	0.25
1431	0.36
1432	1.41
1433	0.9
1434	0.69
1435	0.52
1436	1.1
1437	0.58
1438	0.59
1439	0.76
1440	0.79
1441	0.11
1442	0.05
1443	0.56
1444	1.04
1445	0.03
1446	1.18
1447	1.06
1448	0.38
1449	0.36
1450	1.08
1451	1.28
1452	0.9
1453	0.73
1454	0.76
1455	1.41
1456	0.95
1457	0.43
1458	0.39
1459	0.63
1460	0.65
1461	0.8
1462	0.1
1463	0.64
1464	0.33
1465	1.43
1466	0.62
1467	0.72
1468	0.39
1469	1.05
1470	0.07
1471	0.27
1472	0.73
1473	0.19
1474	0.43
1475	0.61
1476	1.05
1477	0.51
1478	0.93
1479	0.2
1480	0.68
1481	0.22
1482	0.57
1483	1.06
1484	0.99
1485	1.37
1486	0.24
1487	1.34
1488	0.73
1489	0.24
1490	1.33
1491	0.92
1492	0.95
1493	1.05
1494	1.32
1495	0.33
1496	0.88
1497	1.05
1498	0.17
1499	0.33
1500	0.17
1501	0.35
1502	0.65
1503	0.99
1504	0.61
1505	0.43
1506	1.23
1507	0.46
1508	1.29
1509	0.28
1510	0.5
1511	1.34
1512	0.01
1513	1.23
1514	0.46
1515	1.32
1516	1.16
1517	0.35
1518	0.85
1519	0.56
1520	0.22
1521	0.29
1522	0.56
1523	1.42
1524	0.58
1525	0.83
1526	0.47
1527	0.52
1528	0.21
1529	0.33
1530	0.19
1531	1.44
1532	1.04
1533	1.12
1534	0.29
1535	0.86
1536	0.5
1537	0.84
1538	0.48
1539	1.11
1540	0.35
1541	0.65
1542	0.33
1543	1.37
1544	0.21
1545	1.43
1546	0.86
1547	0.58
1548	0.22
1549	1.12
1550	0.15
1551	1.26
1552	1.18
1553	0.66
1554	1.37
1555	0.94
1556	0.48
1557	0.29
1558	0.94
1559	1.24
1560	1.09
1561	0.37
1562	0.65
1563	0.34
1564	0.58
1565	1.41
1566	1.29
1567	0.97
1568	0.95
1569	0.05
1570	0.88
1571	0.76
1572	0.38
1573	0.32
1574	0.36
1575	0.57
1576	1.16
1577	1.37
1578	0.22
1579	0.04
1580	0.62
1581	0.32
1582	0.88
1583	0.59
1584	0.31
1585	0.9
1586	0.76
1587	0.65
1588	0.51
1589	1.33
1590	1.3
1591	0.56
1592	0.12
1593	1.0
1594	1.25
1595	0.19
1596	1.18
1597	0.84
1598	0.85
1599	0.89
1600	0.86
1601	0.75
1602	1.13
1603	0.85
1604	0.92
1605	1.22
1606	0.06
1607	0.58
1608	0.3
1609	1.28
1610	1.0
1611	0.52
1612	0.38
1613	0.71
1614	0.45
1615	0.23
1616	0.66
1617	1.0
1618	0.94
1619	0.4
1620	1.42
1621	0.31
1622	1.13
1623	1.07
1624	0.11
1625	0.13
1626	0.13
1627	0.47
1628	1.16
1629	1.28
1630	1.29
1631	0.66
1632	0.52
1633	1.35
1634	1.33
1635	0.44
1636	0.66
1637	0.68
1638	0.38
1639	0.56
1640	0.81
1641	1.42
1642	0.71
1643	0.95
1644	0.29
1645	0.95
1646	1.32
1647	0.19
1648	0.25
1649	0.01
1650	0.17
1651	1.38
1652	0.54
1653	1.16
1654	0.24
1655	0.44
1656	0.36
1657	0.91
1658	1.15
1659	0.31
1660	1.33
1661	0.92
1662	1.43
1663	1.0
1664	0.62
1665	0.31
1666	0.07
1667	0.08
1668	0.11
1669	0.12
1670	0.01
1671	0.36
1672	1.44
1673	0.65
1674	0.38
1675	0.72
1676	0.85
1677	0.04
1678	0.86
1679	0.47
1680	1.23
1681	0.33
1682	1.1
1683	1.39
1684	0.22
1685	0.88
1686	1.07
1687	1.44
1688	1.42
1689	1.19
1690	0.73
1691	0.7
1692	0.32
1693	0.72
1694	0.63
1695	1.08
1696	0.1
1697	0.52
1698	1.06
1699	0.76
1700	1.4
1701	0.39
1702	1.37
1703	0.73
1704	1.13
1705	0.87
1706	1.08
1707	0.29
1708	1.11
1709	0.21
1710	1.16
1711	0.72
1712	1.19
1713	1.1
1714	0.22
1715	0.7
1716	0.25
1717	1.14
1718	1.29
1719	1.36
1720	0.9
1721	0.72
1722	0.34
1723	0.7
1724	0.74
1725	0.56
1726	1.01
1727	0.64
1728	0.33
1729	0.82
1730	1.29
1731	0.48
1732	0.08
1733	1.25
1734	0.66
1735	0.42
1736	0.08
1737	1.05
1738	1.34
1739	0.98
1740	1.11
1741	0.05
1742	1.39
1743	0.06
1744	1.18
1745	1.03
1746	0.58
1747	0.55
1748	0.07
1749	1.29
1750	0.27
1751	0.18
1752	0.74
1753	0.97
1754	0.43
1755	0.84
1756	1.09
1757	0.59
1758	1.19
1759	0.3
1760	0.2
1761	0.36
1762	1.04
1763	0.23
1764	0.74
1765	0.79
1766	1.37
1767	0.41
1768	1.29
1769	0.43
1770	0.59
1771	0.17
1772	0.04
1773	0.93
1774	0.3
1775	1.08
1776	0.76
1777	1.31
1778	0.98
1779	0.13
1780	0.16
1781	0.92
1782	0.11
1783	0.63
1784	0.49
1785	0.89
1786	0.34
1787	0.43
1788	1.19
1789	0.19
1790	0.79
1791	0.7
1792	1.08
1793	1.01
1794	0.17
1795	0.16
1796	0.54
1797	0.03
1798	0.19
1799	0.42
1800	1.42
1801	0.62
1802	1.41
1803	0.71
1804	0.21
1805	1.44
1806	0.06
1807	0.56
1808	0.8
1809	1.1
1810	0.95
1811	1.36
1812	1.18
1813	0.33
1814	0.88
1815	0.2
1816	0.37
1817	0.32
1818	0.76
1819	0.05
1820	1.06
1821	0.69
1822	0.71
1823	0.76
1824	1.0
1825	1.44
1826	0.72
1827	1.19
1828	1.36
1829	0.72
1830	1.02
1831	0.18
1832	1.26
1833	0.06
1834	0.74
1835	0.81
1836	0.38
1837	0.18
1838	1.1
1839	0.05
1840	0.85
1841	0.28
1842	1.3
1843	1.08
1844	1.28
1845	0.83
1846	1.18
1847	0.11
1848	0.95
1849	0.31
1850	0.41
1851	0.15
1852	0.64
1853	1.11
1854	1.31
1855	1.13
1856	0.98
1857	0.81
1858	0.98
1859	0.28
1860	0.04
1861	1.3
1862	0.72
1863	0.54
1864	0.41
1865	0.67
1866	0.88
1867	0.97
1868	1.28
1869	0.84
1870	0.83
1871	0.75
1872	0.92
1873	0.96
1874	1.05
1875	0.34
1876	0.91
1877	1.17
1878	0.59
1879	1.19
1880	0.64
1881	0.7
1882	0.1
1883	0.69
1884	0.17
1885	0.83
1886	0.15
1887	0.78
1888	0.48
1889	0.22
1890	0.24
1891	1.36
1892	0.44
1893	0.3
1894	0.46
1895	1.21
1896	0.67
1897	0.31
1898	1.21
1899	0.03
1900	1.07
1901	0.02
1902	1.24
1903	0.84
1904	0.71
1905	1.15
1906	0.88
1907	1.19
1908	1.13
1909	1.24
1910	1.05
1911	0.65
1912	0.5
1913	1.39
1914	1.36
1915	0.31
1916	0.64
1917	0.51
1918	0.11
1919	0.23
1920	0.43
1921	0.9
1922	1.21
1923	0.18
1924	1.02
1925	1.08
1926	0.98
1927	1.4
1928	0.05
1929	1.33
1930	0.29
1931	1.43
1932	0.53
1933	0.14
1934	0.69
1935	1.09
1936	1.14
1937	0.87
1938	0.67
1939	0.32
1940	0.96
1941	0.18
1942	1.0
1943	0.69
1944	0.69
1945	0.97
1946	1.11
1947	1.16
1948	0.53
1949	0.51
1950	1.32
1951	0.51
1952	1.31
1953	0.26
1954	1.03
1955	1.16
1956	0.5
1957	0.0
1958	0.59
1959	0.7
1960	0.21
1961	0.93
1962	1.26
1963	1.17
1964	0.03
1965	0.3
1966	1.24
1967	0.94
1968	0.99
1969	1.29
1970	1.06
1971	1.43
1972	0.86
1973	0.69
1974	0.41
1975	0.7
1976	0.19
1977	0.83
1978	0.81
1979	1.27
1980	1.17
1981	1.23
1982	1.12
1983	0.38
1984	0.3
1985	1.24
1986	0.69
1987	0.53
1988	0.72
1989	0.37
1990	0.46
1991	0.85
1992	0.77
1993	0.19
1994	0.41
1995	0.15
1996	0.24
1997	1.04
1998	1.01
1999	0.64
2000	0.01
2001	0.34
2002	0.0
2003	0.13
2004	1.1
2005	1.1
2006	0.62
2007	0.69
2008	1.35
2009	0.75
2010	0.46
2011	1.29
2012	0.9
2013	0.5
2014	1.22
2015	0.55
2016	0.35
2017	0.54
2018	0.79
2019	0.87
2020	0.04
2021	0.11
2022	0.03
2023	0.94
2024	0.55
2025	0.71
2026	0.66
2027	0.1
2028	0.8
2029	0.18
2030	0.26
2031	0.56
2032	0.89
2033	0.08
2034	0.51
2035	0.21
2036	0.05
2037	0.63
2038	1.22
2039	1.31
2040	1.19
2041	1.42
2042	0.05
2043	0.14
2044	0.0
2045	1.08
2046	0.77
2047	1.07
2048	0.41
2049	1.19
2050	0.86
2051	0.69
2052	0.45
2053	1.07
2054	1.23
2055	0.66
2056	0.37
2057	0.75
2058	0.02
2059	0.05
2060	1.3
2061	0.75
2062	0.92
2063	0.15
2064	1.42
2065	1.03
2066	0.99
2067	1.24
2068	0.89
2069	1.12
2070	0.04
2071	0.5
2072	1.12
2073	0.88
2074	1.06
2075	0.49
2076	1.12
2077	0.94
2078	0.8
2079	0.39
2080	1.41
2081	1.07
2082	0.82
2083	0.47
2084	1.08
2085	0.51
2086	1.04
2087	1.41
2088	0.41
2089	0.95
2090	0.89
2091	1.21
2092	0.28
2093	0.74
2094	1.19
2095	0.5
2096	0.35
2097	0.18
2098	0.13
2099	0.82
2100	0.6
2101	0.02
2102	1.19
2103	1.03
2104	0.38
2105	0.11
2106	0.78
2107	0.23
2108	1.12
2109	0.03
2110	0.35
2111	0.78
2112	0.95
2113	1.23
2114	0.94
2115	0.11
2116	0.5
2117	0.05
2118	1.3
2119	0.3
2120	0.97
2121	1.18
2122	0.57
2123	1.05
2124	0.34
2125	0.75
2126	1.14
2127	0.95
2128	0.49
2129	0.66
2130	1.17
2131	0.99
2132	1.09
2133	0.56
2134	0.72
2135	1.08
2136	0.7
2137	0.1
2138	0.12
2139	0.89
2140	0.22
2141	1.41
2142	1.44
2143	1.1
2144	0.06
2145	1.04
2146	1.31
2147	0.77
2148	1.13
2149	0.22
2150	0.06
2151	1.15
2152	0.51
2153	0.95
2154	0.73
2155	0.36
2156	0.61
2157	0.0
2158	1.4
2159	0.98
2160	1.16
2161	1.16
2162	1.21
2163	0.03
2164	0.41
2165	0.5
2166	0.77
2167	0.0
2168	0.9
2169	1.21
2170	1.16
2171	0.9
2172	0.75
2173	0.12
2174	1.29
2175	1.2
2176	1.42
2177	1.01
2178	0.12
2179	1.28
2180	1.15
2181	1.14
2182	1.3
2183	0.22
2184	0.51
2185	0.52
2186	0.27
2187	1.35
2188	0.23
2189	0.72
2190	0.68
2191	1.02
2192	0.85
2193	1.24
2194	1.23
2195	0.62
2196	0.65
2197	1.26
2198	0.67
2199	1.37
2200	1.17
2201	1.19
2202	0.72
2203	0.39
2204	1.19
2205	1.23
2206	0.24
2207	0.4
2208	0.89
2209	0.89
2210	1.37
2211	0.83
2212	0.47
2213	0.79
2214	1.21
2215	0.05
2216	1.15
2217	0.59
2218	1.22
2219	0.36
2220	0.77
2221	0.66
2222	0.55
2223	1.41
2224	0.39
2225	1.34
2226	0.21
2227	0.42
2228	0.01
2229	0.32
2230	0.67
2231	0.83
2232	1.27
2233	0.38
2234	1.27
2235	0.32
2236	0.38
2237	0.94
2238	0.61
2239	0.1
2240	1.18
2241	0.62
2242	0.85
2243	0.29
2244	0.4
2245	1.3
2246	1.25
2247	0.2
2248	0.82
2249	0.47
2250	0.27
2251	1.3
2252	0.24
2253	0.47
2254	0.39
2255	0.37
2256	1.35
2257	1.2
2258	0.16
2259	0.15
2260	1.03
2261	0.8
2262	0.26
2263	1.17
2264	1.23
2265	1.08
2266	0.06
2267	0.9
2268	1.14
2269	0.1
2270	0.51
2271	0.87
2272	0.38
2273	1.4
2274	1.43
2275	1.01
2276	0.47
2277	1.02
2278	0.17
2279	0.67
2280	0.47
2281	1.03
2282	1.27
2283	0.75
2284	0.69
2285	0.28
2286	0.98
2287	0.49
2288	0.17
2289	1.0
2290	0.23
2291	1.38
2292	1.43
2293	0.05
2294	1.33
2295	1.27
2296	1.42
2297	0.15
2298	1.28
2299	0.64
2300	0.18
2301	1.39
2302	0.09
2303	0.11
2304	1.42
2305	0.71
2306	1.42
2307	1.4
2308	0.61
2309	0.29
2310	1.26
2311	0.97
2312	0.93
2313	1.36
2314	0.48
2315	0.95
2316	1.2
2317	0.55
2318	1.4
2319	0.36
2320	1.41
2321	0.03
2322	0.19
2323	0.81
2324	0.14
2325	0.34
2326	0.96
2327	1.15
2328	0.12
2329	1.3
2330	1.32
2331	0.48
2332	0.56
2333	0.56
2334	1.13
2335	0.11
2336	0.77
2337	0.75
2338	0.99
2339	1.26
2340	0.9
2341	0.67
2342	0.32
2343	1.15
2344	0.43
2345	0.29
2346	1.44
2347	1.37
2348	0.91
2349	0.76
2350	0.64
2351	0.8
2352	1.2
2353	0.7
2354	0.79
2355	1.18
2356	1.04
2357	0.1
2358	0.2
2359	1.29
2360	0.33
2361	0.9
2362	1.4
2363	0.62
2364	0.45
2365	1.33
2366	1.44
2367	0.85
2368	0.38
2369	0.95
2370	0.69
2371	0.27
2372	1.14
2373	1.01
2374	0.13
2375	1.2
2376	0.34
2377	0.42
2378	0.42
2379	0.55
2380	0.05
2381	0.71
2382	0.23
2383	1.41
2384	0.84
2385	0.82
2386	0.61
2387	0.3
2388	0.94
2389	0.78
2390	0.48
2391	0.71
2392	0.11
2393	0.34
2394	1.27
2395	0.69
2396	0.74
2397	0.71
2398	1.23
2399	1.37
2400	1.28
2401	0.64
2402	1.16
2403	0.37
2404	1.24
2405	0.06
2406	0.24
2407	0.49
2408	0.71
2409	0.83
2410	0.85
2411	0.52
2412	0.32
2413	0.5
2414	1.01
2415	0.36
2416	0.76
2417	0.24
2418	0.95
2419	0.98
2420	1.2
2421	0.03
2422	0.88
2423	0.57
2424	0.56
2425	1.32
2426	0.98
2427	0.59
2428	0.38
2429	1.01
2430	0.3
2431	1.22
2432	0.58
2433	0.7
2434	1.4
2435	0.56
2436	0.36
2437	1.06
2438	0.64
2439	1.23
2440	1.28
2441	1.05
2442	0.33
2443	0.52
2444	0.6
2445	0.07
2446	1.19
2447	0.85
2448	1.12
2449	1.35
2450	0.2
2451	1.1
2452	0.1
2453	1.29
2454	0.27
2455	0.06
2456	0.12
2457	0.02
2458	1.02
2459	1.22
2460	0.45
2461	0.32
2462	1.09
2463	1.17
2464	1.06
2465	0.05
2466	0.55
2467	0.46
2468	1.43
2469	0.54
2470	0.38
2471	1.32
2472	0.3
2473	0.86
2474	1.26
2475	1.25
2476	0.49
2477	0.52
2478	1.13
2479	0.64
2480	0.38
2481	0.32
2482	0.94
2483	0.2
2484	0.94
2485	0.51
2486	0.98
2487	0.37
2488	1.23
2489	1.18
2490	0.16
2491	1.2
2492	0.14
2493	1.23
2494	1.1
2495	1.4
2496	0.69
2497	0.89
2498	1.01
2499	0.04
2500	0.38
2501	0.28
2502	0.3
2503	1.11
2504	1.34
2505	1.22
2506	0.14
2507	0.61
2508	1.21
2509	0.39
2510	0.48
2511	0.32
2512	0.88
2513	1.31
2514	1.36
2515	0.42
2516	1.07
2517	0.13
2518	0.42
2519	1.19
2520	1.18
2521	0.74
2522	0.85
2523	0.49
2524	1.39
2525	1.19
2526	1.17
2527	0.46
2528	1.44
2529	0.74
2530	0.71
2531	0.83
2532	0.94
2533	0.46
2534	1.18
2535	1.09
2536	1.35
2537	0.3
2538	0.71
2539	1.0
2540	0.87
2541	0.31
2542	0.03
2543	0.25
2544	0.36
2545	0.53
2546	0.9
2547	1.14
2548	0.72
2549	0.1
2550	1.28
2551	1.01
2552	1.39
2553	0.53
2554	0.25
2555	1.42
2556	0.94
2557	0.91
2558	0.33
2559	1.09
2560	1.29
2561	1.26
2562	1.13
2563	0.82
2564	1.07
2565	0.3
2566	0.95
2567	0.49
2568	0.09
2569	0.93
2570	0.94
2571	0.29
2572	0.78
2573	0.93
2574	0.18
2575	1.2
2576	0.46
2577	0.74
2578	1.42
2579	1.3
2580	1.09
2581	0.16
2582	1.36
2583	0.38
2584	1.14
2585	0.24
2586	0.35
2587	0.07
2588	0.95
2589	0.8
2590	0.72
2591	0.37
2592	1.32
2593	1.08
2594	0.86
2595	1.19
2596	0.05
2597	0.62
2598	1.34
2599	0.47
2600	1.09
2601	1.02
2602	0.41
2603	1.06
2604	0.91
2605	0.78
2606	1.05
2607	1.21
2608	0.88
2609	0.0
2610	1.26
2611	0.1
2612	0.77
2613	0.93
2614	0.92
2615	0.05
2616	1.1
2617	1.41
2618	0.66
2619	1.16
2620	0.19
2621	0.66
2622	0.36
2623	0.79
2624	0.44
2625	0.95
2626	0.46
2627	1.23
2628	1.2
2629	1.03
2630	0.95
2631	1.34
2632	0.29
2633	1.07
2634	1.08
2635	1.28
2636	0.33
2637	1.29
2638	0.78
2639	0.77
2640	1.18
2641	0.17
2642	1.03
2643	0.16
2644	1.4
2645	0.89
2646	0.29
2647	1.06
2648	0.95
2649	0.97
2650	1.32
2651	0.54
2652	0.24
2653	1.01
2654	0.99
2655	0.0
2656	1.02
2657	1.11
2658	1.09
2659	0.4
2660	0.5
2661	0.08
2662	0.01
2663	0.45
2664	1.2
2665	0.96
2666	0.78
2667	0.59
2668	0.1
2669	0.31
2670	0.5
2671	1.01
2672	0.52
2673	0.09
2674	1.29
2675	0.17
2676	1.01
2677	0.77
2678	0.73
2679	0.76
2680	0.65
2681	1.03
2682	1.22
2683	1.31
2684	1.37
2685	0.17
2686	0.27
2687	0.84
2688	0.64
2689	1.13
2690	1.16
2691	1.14
2692	0.18
2693	1.39
2694	0.61
2695	0.26
2696	1.06
2697	0.57
2698	0.45
2699	1.06
2700	1.05
2701	0.6
2702	0.52
2703	0.09
2704	0.32
2705	0.84
2706	0.87
2707	0.46
2708	1.4
2709	1.31
2710	1.39
2711	1.02
2712	0.78
2713	0.55
2714	1.28
2715	1.3
2716	0.43
2717	0.64
2718	0.28
2719	0.48
2720	0.04
2721	1.02
2722	0.45
2723	1.24
2724	1.37
2725	0.52
2726	0.25
2727	1.15
2728	0.5
2729	0.02
2730	0.59
2731	0.6
2732	0.87
2733	1.18
2734	0.66
2735	1.33
2736	1.37
2737	1.09
2738	1.18
2739	0.3
2740	1.23
2741	0.74
2742	1.26
2743	0.59
2744	0.92
2745	1.12
2746	1.3
2747	0.05
2748	0.48
2749	1.33
2750	1.0
2751	1.12
2752	0.71
2753	1.12
2754	0.9
2755	1.05
2756	1.26
2757	0.16
2758	0.02
2759	0.93
2760	0.58
2761	1.05
2762	0.43
2763	0.84
2764	0.34
2765	1.37
2766	1.18
2767	0.49
2768	1.02
2769	0.64
2770	1.25
2771	0.88
2772	0.98
2773	1.08
2774	0.98
2775	0.88
2776	1.29
2777	0.29
2778	0.73
2779	1.13
2780	0.13
2781	1.39
2782	0.6
2783	0.62
2784	0.53
2785	0.21
2786	1.14
2787	0.67
2788	1.06
2789	0.51
2790	0.23
2791	0.91
2792	0.49
2793	0.3
2794	0.04
2795	0.48
2796	1.38
2797	0.18
2798	0.52
2799	1.23
2800	0.73
2801	0.36
2802	0.44
2803	0.83
2804	0.5
2805	0.31
2806	0.72
2807	0.77
2808	0.06
2809	1.02
2810	1.12
2811	0.53
2812	0.39
2813	0.36
2814	0.48
2815	1.06
2816	0.64
2817	0.22
2818	0.28
2819	1.06
2820	0.7
2821	0.18
2822	1.1
2823	1.19
2824	1.19
2825	0.4
2826	0.78
2827	0.02
2828	0.78
2829	1.33
2830	0.39
2831	0.34
2832	0.22
2833	0.38
2834	0.03
2835	0.26
2836	0.54
2837	0.85
2838	0.07
2839	1.23
2840	1.22
2841	0.71
2842	0.46
2843	1.38
2844	1.24
2845	0.08
2846	1.14
2847	1.28
2848	0.93
2849	1.19
2850	0.81
2851	0.13
2852	0.74
2853	1.17
2854	1.23
2855	1.3
2856	0.22
2857	1.07
2858	1.23
2859	0.41
2860	0.58
2861	1.4
2862	0.98
2863	1.08
2864	0.96
2865	1.29
2866	0.12
2867	1.07
2868	0.66
2869	0.97
2870	0.84
2871	1.36
2872	0.59
2873	1.08
2874	0.27
2875	0.09
2876	0.1
2877	0.01
2878	1.19
2879	0.84
2880	0.54
2881	1.04
2882	0.16
2883	0.47
2884	1.4
2885	0.95
2886	1.18
2887	0.4
2888	0.59
2889	1.33
2890	1.04
2891	0.82
2892	0.26
2893	1.15
2894	0.92
2895	0.8
2896	1.44
2897	1.3
2898	0.11
2899	0.88
2900	1.06
2901	1.07
2902	0.61
2903	1.03
2904	0.34
2905	1.04
2906	0.79
2907	1.04
2908	0.71
2909	0.45
2910	1.17
2911	0.05
2912	1.07
2913	0.59
2914	0.94
2915	0.2
2916	0.8
2917	0.32
2918	1.21
2919	1.42
2920	1.09
2921	0.63
2922	1.22
2923	0.69
2924	0.91
2925	0.28
2926	0.74
2927	0.01
2928	0.71
2929	0.61
2930	1.3
2931	0.38
2932	0.43
2933	0.21
2934	0.34
2935	0.42
2936	0.63
2937	0.33
2938	1.18
2939	1.41
2940	1.21
2941	0.08
2942	0.08
2943	1.14
2944	0.5
2945	0.41
2946	1.11
2947	0.26
2948	1.28
2949	1.42
2950	0.48
2951	0.02
2952	0.21
2953	0.92
2954	0.98
2955	0.22
2956	0.24
2957	0.31
2958	1.03
2959	1.22
2960	0.72
2961	0.31
2962	0.34
2963	0.4
2964	0.14
2965	0.94
2966	0.32
2967	0.77
2968	1.37
2969	0.75
2970	0.01
2971	0.66
2972	0.46
2973	1.31
2974	1.16
2975	0.13
2976	1.09
2977	0.67
2978	0.21
2979	1.34
2980	1.38
2981	1.39
2982	0.22
2983	0.87
2984	1.15
2985	0.49
2986	0.44
2987	0.57
2988	0.1
2989	0.43
2990	0.69
2991	0.2
2992	0.78
2993	0.39
2994	0.62
2995	0.08
2996	1.21
2997	1.37
2998	0.19
2999	1.29
3000	0.02
3001	0.16
3002	0.64
3003	0.0
3004	0.22
3005	0.11
3006	0.71
3007	0.94
3008	0.56
3009	0.35
3010	1.1
3011	0.1
3012	0.97
3013	0.41
3014	0.19
3015	1.24
3016	0.05
3017	0.11
3018	1.39
3019	0.45
3020	1.35
3021	1.07
3022	0.24
3023	1.15
3024	0.31
3025	1.21
3026	1.08
3027	0.51
3028	0.44
3029	0.21
3030	1.42
3031	0.91
3032	0.59
3033	0.91
3034	0.6
3035	1.31
3036	0.18
3037	0.13
3038	1.11
3039	0.03
3040	0.11
3041	1.37
3042	0.61
3043	0.61
3044	1.18
3045	0.48
3046	1.17
3047	1.1
3048	0.9
3049	1.1
3050	0.57
3051	0.81
3052	0.32
3053	0.24
3054	0.48
3055	0.97
3056	0.02
3057	0.54
3058	1.06
3059	0.12
3060	0.89
3061	0.25
3062	0.12
3063	0.22
3064	0.49
3065	0.32
3066	0.48
3067	0.64
3068	1.4
3069	0.72
3070	0.25
3071	0.18
3072	0.15
3073	0.51
3074	1.4
3075	1.39
3076	0.11
3077	0.71
3078	1.41
3079	0.27
3080	1.3
3081	0.09
3082	1.27
3083	0.65
3084	1.26
3085	0.89
3086	1.4
3087	1.35
3088	0.21
3089	0.67
3090	1.17
3091	0.61
3092	0.43
3093	0.83
3094	0.02
3095	0.62
3096	1.16
3097	1.43
3098	0.32
3099	1.38
3100	0.24
3101	0.54
3102	0.98
3103	0.02
3104	0.64
3105	1.19
3106	0.25
3107	0.41
3108	0.74
3109	0.71
3110	0.43
3111	0.95
3112	0.48
3113	1.13
3114	0.12
3115	0.68
3116	1.19
3117	0.2
3118	0.58
3119	0.5
3120	1.1
3121	0.05
3122	0.34
3123	0.27
3124	0.63
3125	0.02
3126	0.68
3127	0.89
3128	1.27
3129	1.21
3130	0.96
3131	0.56
3132	0.27
3133	0.3
3134	0.47
3135	0.31
3136	0.48
3137	0.2
3138	0.66
3139	1.4
3140	0.02
3141	0.84
3142	0.55
3143	0.19
3144	0.08
3145	0.06
3146	0.2
3147	0.72
3148	1.06
3149	0.89
3150	0.72
3151	0.93
3152	0.56
3153	0.8
3154	0.77
3155	0.84
3156	0.77
3157	0.78
3158	0.24
3159	0.95
3160	0.59
3161	1.43
3162	1.15
3163	1.43
3164	0.92
3165	1.43
3166	1.31
3167	1.33
3168	1.17
3169	0.97
3170	1.41
3171	0.78
3172	0.66
3173	0.46
3174	1.36
3175	0.51
3176	1.44
3177	0.33
3178	0.12
3179	0.5
3180	1.04
3181	0.72
3182	0.53
3183	0.93
3184	0.19
3185	0.5
3186	0.97
3187	0.33
3188	0.9
3189	0.22
3190	0.97
3191	1.22
3192	0.95
3193	0.27
3194	0.43
3195	1.0
3196	1.38
3197	0.4
3198	1.16
3199	1.11
3200	1.42
3201	0.75
3202	0.01
3203	1.28
3204	1.21
3205	0.93
3206	0.43
3207	1.16
3208	0.93
3209	0.58
3210	0.45
3211	1.06
3212	0.6
3213	0.57
3214	1.25
3215	0.47
3216	1.26
3217	0.12
3218	0.15
3219	0.73
3220	0.95
3221	1.25
3222	1.07
3223	1.36
3224	0.48
3225	0.41
3226	0.56
3227	0.74
3228	1.15
3229	0.4
3230	0.26
3231	1.39
3232	1.07
3233	0.14
3234	0.46
3235	0.22
3236	1.05
3237	0.89
3238	1.41
3239	1.15
3240	0.46
3241	0.72
3242	0.7
3243	1.01
3244	0.09
3245	1.05
3246	1.14
3247	1.39
3248	1.16
3249	0.84
3250	1.1
3251	0.27
3252	1.33
3253	0.18
3254	0.77
3255	0.85
3256	0.91
3257	0.83
3258	0.05
3259	0.63
3260	0.91
3261	0.44
3262	0.83
3263	1.22
3264	1.16
3265	0.9
3266	0.1
3267	1.17
3268	0.19
3269	0.98
3270	0.64
3271	1.0
3272	1.34
3273	0.74
3274	1.39
3275	1.33
3276	0.75
3277	0.95
3278	0.05
3279	0.1
3280	1.1
3281	0.62
3282	0.04
3283	1.24
3284	1.39
3285	1.32
3286	0.1
3287	0.17
3288	0.07
3289	0.78
3290	1.3
3291	1.33
3292	0.62
3293	1.11
3294	0.57
3295	0.8
3296	0.79
3297	0.11
3298	0.8
3299	1.06
3300	0.85
3301	1.3
3302	0.45
3303	1.02
3304	0.7
3305	1.08
3306	0.92
3307	0.22
3308	1.16
3309	1.09
3310	0.61
3311	0.42
3312	0.67
3313	0.84
3314	0.74
3315	0.71
3316	0.49
3317	1.1
3318	1.44
3319	1.17
3320	0.12
3321	0.76
3322	0.94
3323	0.71
3324	0.45
3325	0.3
3326	1.06
3327	1.24
3328	1.07
3329	0.49
3330	0.28
3331	0.31
3332	0.27
3333	0.35
3334	0.54
3335	0.76
3336	1.1
3337	0.59
3338	1.18
3339	0.03
3340	1.05
3341	1.24
3342	1.23
3343	0.89
3344	0.5
3345	0.03
3346	1.43
3347	0.83
3348	0.51
3349	0.4
3350	1.32
3351	0.21
3352	0.56
3353	1.41
3354	1.3
3355	1.15
3356	0.57
3357	0.34
3358	0.29
3359	0.83
3360	0.7
3361	0.38
3362	0.81
3363	0.89
3364	0.62
3365	0.12
3366	1.21
3367	1.39
3368	0.62
3369	0.75
3370	0.53
3371	0.84
3372	0.71
3373	1.13
3374	0.27
3375	1.07
3376	0.87
3377	1.43
3378	1.2
3379	0.32
3380	0.05
3381	0.14
3382	1.29
3383	0.24
3384	1.4
3385	0.95
3386	0.55
3387	0.17
3388	0.33
3389	0.1
3390	0.78
3391	1.19
3392	0.83
3393	0.26
3394	0.88
3395	0.18
3396	1.25
3397	0.66
3398	1.43
3399	0.3
3400	0.35
3401	1.4
3402	0.57
3403	0.57
3404	0.25
3405	0.26
3406	1.31
3407	1.37
3408	0.72
3409	1.03
3410	0.09
3411	0.39
3412	1.02
3413	0.82
3414	0.09
3415	0.08
3416	1.09
3417	0.44
3418	0.19
3419	0.28
3420	0.07
3421	1.14
3422	0.25
3423	0.31
3424	1.18
3425	1.28
3426	1.35
3427	1.31
3428	0.2
3429	1.29
3430	1.1
3431	0.79
3432	0.03
3433	1.41
3434	0.39
3435	0.79
3436	0.29
3437	0.45
3438	0.47
3439	1.22
3440	0.17
3441	1.1
3442	0.64
3443	1.37
3444	1.11
3445	1.1
3446	0.82
3447	0.96
3448	0.82
3449	0.42
3450	0.41
3451	1.05
3452	1.18
3453	1.12
3454	0.59
3455	0.54
3456	0.15
3457	1.21
3458	1.14
3459	0.14
3460	0.59
3461	0.0
3462	0.17
3463	0.85
3464	0.38
3465	0.46
3466	0.8
3467	0.79
3468	0.25
3469	1.05
3470	0.96
3471	1.19
3472	0.35
3473	0.25
3474	0.34
3475	0.29
3476	0.71
3477	0.79
3478	0.52
3479	0.3
3480	0.58
3481	1.0
3482	0.78
3483	0.5
3484	1.28
3485	1.15
3486	0.66
3487	0.79
3488	0.41
3489	1.21
3490	0.35
3491	0.29
3492	0.55
3493	0.35
3494	1.16
3495	1.03
3496	0.78
3497	0.67
3498	0.79
3499	0.09
3500	0.23
3501	1.3
3502	1.16
3503	1.42
3504	0.67
3505	0.97
3506	1.17
3507	1.41
3508	0.56
3509	0.41
3510	1.36
3511	0.61
3512	1.43
3513	1.3
3514	0.02
3515	1.06
3516	1.27
3517	0.11
3518	0.84
3519	1.16
3520	0.84
3521	0.74
3522	0.84
3523	0.76
3524	0.48
3525	0.18
3526	0.12
3527	1.25
3528	0.89
3529	0.33
3530	0.49
3531	0.17
3532	1.19
3533	0.27
3534	1.4
3535	0.13
3536	0.42
3537	1.44
3538	0.76
3539	1.11
3540	0.26
3541	0.28
3542	0.02
3543	0.46
3544	0.2
3545	0.38
3546	0.45
3547	1.29
3548	1.07
3549	1.09
3550	0.18
3551	0.62
3552	0.27
3553	0.17
3554	1.14
3555	0.06
3556	0.93
3557	1.37
3558	0.93
3559	1.19
3560	1.01
3561	1.35
3562	0.54
3563	0.16
3564	0.61
3565	0.21
3566	0.71
3567	0.87
3568	0.96
3569	0.32
3570	1.44
3571	0.05
3572	0.1
3573	0.75
3574	0.32
3575	1.42
3576	0.68
3577	0.77
3578	0.37
3579	0.34
3580	1.22
3581	1.33
3582	1.43
3583	1.4
3584	1.0
3585	0.28
3586	0.91
3587	0.46
3588	0.78
3589	0.0
3590	1.1
3591	1.33
3592	1.43
3593	0.76
3594	0.28
3595	0.21
3596	1.32
3597	0.24
3598	1.02
3599	1.23
3600	0.71
3601	0.35
3602	0.94
3603	0.66
3604	0.04
3605	0.95
3606	1.0
3607	1.2
3608	0.71
3609	1.32
3610	1.13
3611	0.34
3612	1.23
3613	0.9
3614	0.3
3615	0.47
3616	0.4
3617	0.35
3618	1.13
3619	1.05
3620	0.72
3621	0.27
3622	1.28
3623	0.52
3624	0.41
3625	0.72
3626	1.22
3627	1.33
3628	1.37
3629	0.13
3630	0.08
3631	1.15
3632	0.33
3633	0.41
3634	0.66
3635	1.24
3636	0.38
3637	0.38
3638	1.23
3639	0.57
3640	0.87
3641	0.31
3642	1.42
3643	0.05
3644	0.05
3645	1.28
3646	1.17
3647	0.1
3648	0.9
3649	1.0
3650	1.33
3651	0.3
3652	0.06
3653	0.07
3654	0.01
3655	0.23
3656	1.21
3657	1.06
3658	0.62
3659	0.88
3660	0.89
3661	0.06
3662	0.88
3663	0.9
3664	0.14
3665	0.65
3666	1.06
3667	1.01
3668	0.14
3669	1.37
3670	0.76
3671	0.26
3672	0.06
3673	1.07
3674	1.19
3675	0.58
3676	0.66
3677	0.51
3678	1.12
3679	0.76
3680	1.38
3681	0.8
3682	0.11
3683	1.42
3684	0.58
3685	0.74
3686	1.35
3687	0.48
3688	0.79
3689	0.38
3690	1.36
3691	0.57
3692	0.47
3693	0.7
3694	0.72
3695	0.6
3696	0.32
3697	0.52
3698	0.73
3699	0.53
3700	0.24
3701	1.18
3702	0.93
3703	1.18
3704	0.7
3705	0.54
3706	0.64
3707	0.63
3708	0.63
3709	1.22
3710	1.12
3711	0.79
3712	0.44
3713	1.28
3714	1.06
3715	0.07
3716	0.12
3717	0.46
3718	0.86
3719	0.88
3720	1.0
3721	0.22
3722	0.46
3723	0.68
3724	0.45
3725	0.89
3726	0.21
3727	0.44
3728	1.42
3729	0.21
3730	1.27
3731	0.76
3732	1.0
3733	1.31
3734	0.49
3735	0.45
3736	0.98
3737	1.1
3738	1.21
3739	0.75
3740	1.34
3741	0.08
3742	0.55
3743	0.91
3744	0.11
3745	1.23
3746	0.96
3747	0.66
3748	1.18
3749	0.58
3750	0.46
3751	0.57
3752	1.39
3753	1.33
3754	1.28
3755	1.2
3756	0.42
3757	0.72
3758	1.11
3759	0.13
3760	0.59
3761	1.18
3762	0.07
3763	0.33
3764	0.89
3765	0.06
3766	0.45
3767	1.27
3768	0.32
3769	0.96
3770	1.27
3771	0.2
3772	0.83
3773	1.18
3774	0.71
3775	0.07
3776	1.15
3777	1.43
3778	0.36
3779	0.32
3780	0.11
3781	0.47
3782	1.41
3783	0.18
3784	1.19
3785	0.79
3786	0.79
3787	0.5
3788	1.41
3789	0.79
3790	1.03
3791	1.29
3792	1.05
3793	0.02
3794	0.63
3795	0.52
3796	0.9
3797	0.94
3798	1.18
3799	0.65
3800	1.38
3801	0.3
3802	0.48
3803	1.03
3804	0.38
3805	0.23
3806	0.1
3807	1.3
3808	0.45
3809	0.28
3810	1.11
3811	1.3
3812	1.32
3813	0.6
3814	0.76
3815	0.83
3816	0.48
3817	1.27
3818	0.62
3819	1.35
3820	1.34
3821	0.51
3822	1.23
3823	1.41
3824	0.7
3825	0.14
3826	0.89
3827	0.17
3828	0.9
3829	1.29
3830	1.32
3831	0.66
3832	1.31
3833	1.43
3834	1.36
3835	0.3
3836	0.08
3837	0.99
3838	1.07
3839	0.04
3840	0.65
3841	0.27
3842	0.46
3843	0.95
3844	0.53
3845	0.81
3846	1.34
3847	1.34
3848	0.25
3849	1.26
3850	0.36
3851	1.32
3852	0.37
3853	1.13
3854	1.05
3855	1.28
3856	0.45
3857	0.07
3858	1.27
3859	0.35
3860	0.62
3861	1.29
3862	0.85
3863	0.23
3864	0.74
3865	0.39
3866	0.66
3867	0.68
3868	0.6
3869	1.04
3870	0.2
3871	0.04
3872	1.41
3873	0.25
3874	0.4
3875	1.07
3876	0.07
3877	0.74
3878	0.34
3879	1.22
3880	0.88
3881	1.13
3882	0.09
3883	1.13
3884	0.61
3885	1.42
3886	1.11
3887	1.19
3888	0.42
3889	1.06
3890	1.02
3891	0.3
3892	1.39
3893	1.13
3894	1.29
3895	1.41
3896	0.15
3897	0.04
3898	0.4
3899	0.68
3900	0.72
3901	0.83
3902	1.08
3903	1.15
3904	0.23
3905	0.67
3906	1.08
3907	1.33
3908	0.18
3909	0.35
3910	1.01
3911	0.34
3912	0.89
3913	0.13
3914	0.78
3915	0.09
3916	0.43
3917	1.13
3918	0.89
3919	1.33
3920	0.4
3921	0.41
3922	0.09
3923	0.1
3924	0.19
3925	1.0
3926	0.88
3927	1.43
3928	1.09
3929	0.25
3930	0.23
3931	0.91
3932	0.95
3933	0.77
3934	0.57
3935	0.44
3936	1.25
3937	1.31
3938	0.42
3939	0.07
3940	0.53
3941	0.63
3942	1.43
3943	1.01
3944	1.38
3945	0.4
3946	1.28
3947	0.25
3948	1.11
3949	0.82
3950	0.82
3951	0.18
3952	0.83
3953	1.29
3954	1.12
3955	0.17
3956	0.8
3957	0.4
3958	1.04
3959	0.21
3960	0.68
3961	0.62
3962	0.61
3963	0.42
3964	0.65
3965	0.67
3966	0.96
3967	1.25
3968	0.75
3969	0.59
3970	0.78
3971	0.07
3972	0.35
3973	1.19
3974	0.17
3975	1.31
3976	1.1
3977	0.88
3978	0.73
3979	0.15
3980	0.86
3981	0.56
3982	0.39
3983	0.18
3984	0.36
3985	0.87
3986	1.12
3987	1.24
3988	0.34
3989	0.13
3990	1.37
3991	0.21
3992	0.34
3993	1.29
3994	1.25
3995	1.26
3996	0.57
3997	1.34
3998	0.08
3999	0.7
4000	0.42
4001	0.23
4002	0.4
4003	1.38
4004	1.35
4005	1.02
4006	1.17
4007	1.24
4008	1.06
4009	1.08
4010	1.28
4011	0.51
4012	0.55
4013	0.75
4014	1.26
4015	0.95
4016	0.47
4017	1.17
4018	0.38
4019	0.16
4020	1.27
4021	0.4
4022	1.02
4023	0.53
4024	0.21
4025	1.26
4026	0.05
4027	0.91
4028	0.87
4029	1.32
4030	0.65
4031	0.11
4032	1.09
4033	1.39
4034	0.01
4035	0.22
4036	0.71
4037	1.36
4038	0.52
4039	0.55
4040	0.55
4041	1.24
4042	1.01
4043	0.53
4044	0.31
4045	1.04
4046	0.54
4047	0.55
4048	1.09
4049	0.07
4050	0.59
4051	0.01
4052	0.96
4053	1.11
4054	0.33
4055	1.26
4056	0.83
4057	0.64
4058	0.03
4059	0.72
4060	0.02
4061	0.06
4062	0.87
4063	0.95
4064	0.06
4065	0.28
4066	1.26
4067	0.62
4068	0.79
4069	0.56
4070	0.45
4071	0.68
4072	0.59
4073	0.92
4074	0.09
4075	1.26
4076	1.08
4077	1.14
4078	0.01
4079	0.26
4080	0.38
4081	0.03
4082	0.71
4083	1.21
4084	1.18
4085	1.41
4086	0.47
4087	0.51
4088	1.24
4089	0.38
4090	0.83
4091	0.81
4092	1.12
4093	0.1
4094	0.5
4095	1.23
4096	0.28
4097	0.38
4098	1.15
4099	0.45
4100	0.69
4101	0.51
4102	0.23
4103	0.46
4104	0.73
4105	0.68
4106	0.72
4107	1.21
4108	0.66
4109	0.47
4110	0.46
4111	0.68
4112	0.09
4113	1.24
4114	0.53
4115	0.64
4116	0.2
4117	1.09
4118	0.68
4119	0.84
4120	0.81
4121	0.06
4122	0.62
4123	0.67
4124	1.25
4125	1.19
4126	1.34
4127	1.3
4128	0.84
4129	0.87
4130	0.19
4131	0.38
4132	1.39
4133	0.66
4134	1.23
4135	0.2
4136	0.8
4137	0.29
4138	0.35
4139	0.63
4140	0.29
4141	0.45
4142	1.14
4143	0.12
4144	1.09
4145	0.42
4146	0.25
4147	0.77
4148	0.73
4149	1.27
4150	0.05
4151	0.17
4152	0.45
4153	0.38
4154	1.01
4155	0.28
4156	0.54
4157	0.98
4158	1.32
4159	1.35
4160	0.39
4161	0.38
4162	1.31
4163	1.3
4164	0.76
4165	1.27
4166	0.14
4167	0.27
4168	0.13
4169	0.47
4170	0.81
4171	0.14
4172	0.55
4173	0.31
4174	0.61
4175	1.27
4176	0.7
4177	0.31
4178	1.36
4179	1.4
4180	0.01
4181	0.19
4182	0.22
4183	0.87
4184	0.11
4185	1.3
4186	1.29
4187	0.46
4188	1.3
4189	1.03
4190	0.29
4191	0.96
4192	1.36
4193	0.8
4194	0.73
4195	0.55
4196	1.02
4197	1.12
4198	0.9
4199	0.63
4200	0.98
4201	1.37
4202	0.55
4203	0.95
4204	0.78
4205	0.23
4206	0.56
4207	0.5
4208	0.49
4209	0.22
4210	1.02
4211	0.53
4212	1.13
4213	0.72
4214	0.99
4215	0.96
4216	0.93
4217	0.72
4218	0.02
4219	0.51
4220	0.52
4221	1.23
4222	1.39
4223	0.82
4224	0.31
4225	0.8
4226	0.98
4227	0.27
4228	0.92
4229	1.04
4230	0.89
4231	1.43
4232	0.88
4233	1.31
4234	0.1
4235	0.7
4236	0.63
4237	1.18
4238	0.91
4239	0.62
4240	1.35
4241	0.69
4242	0.37
4243	1.35
4244	0.01
4245	1.1
4246	0.09
4247	1.19
4248	0.65
4249	0.2
4250	0.18
4251	0.09
4252	0.13
4253	0.78
4254	1.0
4255	0.96
4256	0.29
4257	0.05
4258	0.21
4259	0.02
4260	0.33
4261	1.24
4262	0.21
4263	1.19
4264	1.0
4265	0.72
4266	1.2
4267	0.5
4268	0.68
4269	0.31
4270	1.24
4271	0.18
4272	0.24
4273	0.57
4274	0.83
4275	1.25
4276	0.17
4277	0.46
4278	1.32
4279	1.08
4280	0.43
4281	0.84
4282	0.03
4283	0.23
4284	1.4
4285	0.95
4286	0.07
4287	1.17
4288	0.4
4289	1.18
4290	1.04
4291	1.29
4292	0.61
4293	0.55
4294	0.1
4295	0.72
4296	1.01
4297	1.3
4298	0.43
4299	0.79
4300	1.1
4301	0.71
4302	0.77
4303	1.44
4304	0.26
4305	0.63
4306	0.34
4307	0.49
4308	0.06
4309	0.6
4310	0.9
4311	0.42
4312	0.62
4313	1.29
4314	1.21
4315	1.14
4316	0.5
4317	0.33
4318	1.13
4319	0.3
4320	0.2
4321	0.79
4322	1.03
4323	0.85
4324	0.62
4325	1.14
4326	0.7
4327	0.45
4328	0.45
4329	0.09
4330	1.07
4331	0.78
4332	1.38
4333	0.3
4334	0.02
4335	0.44
4336	0.37
4337	1.19
4338	0.9
4339	0.36
4340	0.79
4341	0.06
4342	0.41
4343	1.15
4344	0.07
4345	0.18
4346	1.44
4347	0.33
4348	0.62
4349	1.36
4350	0.47
4351	0.69
4352	0.9
4353	0.01
4354	0.86
4355	0.92
4356	0.16
4357	1.24
4358	0.17
4359	0.14
4360	0.26
4361	0.85
4362	0.37
4363	0.36
4364	1.08
4365	0.67
4366	1.38
4367	0.08
4368	1.25
4369	0.7
4370	0.21
4371	0.54
4372	0.89
4373	0.06
4374	1.42
4375	1.28
4376	0.76
4377	1.15
4378	0.25
4379	0.98
4380	0.16
4381	1.01
4382	1.27
4383	0.04
4384	0.13
4385	0.42
4386	0.36
4387	0.95
4388	0.99
4389	0.27
4390	0.65
4391	1.42
4392	0.88
4393	0.48
4394	0.73
4395	0.25
4396	0.04
4397	0.08
4398	0.89
4399	0.15
4400	0.05
4401	1.26
4402	1.4
4403	0.43
4404	0.08
4405	0.45
4406	1.18
4407	0.44
4408	1.09
4409	0.24
4410	0.24
4411	0.72
4412	0.28
4413	0.11
4414	0.0
4415	1.32
4416	0.64
4417	1.28
4418	0.9
4419	0.93
4420	0.13
4421	0.43
4422	1.03
4423	0.95
4424	0.53
4425	0.02
4426	0.86
4427	0.53
4428	0.13
4429	0.36
4430	0.36
4431	0.73
4432	1.37
4433	0.07
4434	0.75
4435	1.03
4436	1.14
4437	0.9
4438	0.16
4439	0.61
4440	0.41
4441	0.16
4442	0.27
4443	0.96
4444	0.86
4445	1.36
4446	0.57
4447	0.08
4448	1.2
4449	0.91
4450	1.15
4451	0.84
4452	1.09
4453	1.25
4454	0.3
4455	0.84
4456	0.15
4457	1.37
4458	1.01
4459	0.96
4460	0.61
4461	1.11
4462	0.53
4463	1.41
4464	0.12
4465	1.13
4466	0.1
4467	0.55
4468	1.44
4469	0.91
4470	0.4
4471	0.72
4472	1.25
4473	0.66
4474	0.06
4475	0.52
4476	1.07
4477	0.86
4478	0.01
4479	0.34
4480	0.45
4481	0.56
4482	1.44
4483	0.28
4484	0.36
4485	1.35
4486	1.2
4487	0.91
4488	1.15
4489	0.38
4490	0.37
4491	1.16
4492	0.31
4493	0.87
4494	0.71
4495	1.29
4496	1.08
4497	0.49
4498	0.15
4499	0.35
4500	1.23
4501	1.13
4502	1.22
4503	0.1
4504	0.46
4505	0.55
4506	0.28
4507	0.94
4508	1.01
4509	0.34
4510	0.14
4511	1.01
4512	0.52
4513	0.98
4514	0.78
4515	1.27
4516	0.37
4517	0.54
4518	0.54
4519	1.15
4520	0.35
4521	0.68
4522	0.55
4523	0.65
4524	1.38
4525	0.2
4526	0.16
4527	1.39
4528	1.3
4529	1.24
4530	1.29
4531	0.51
4532	0.88
4533	0.79
4534	0.07
4535	0.97
4536	0.21
4537	0.38
4538	0.38
4539	0.35
4540	0.02
4541	0.27
4542	0.11
4543	1.2
4544	1.29
4545	0.83
4546	0.6
4547	1.13
4548	0.49
4549	1.05
4550	0.56
4551	0.88
4552	0.39
4553	0.47
4554	1.36
4555	0.72
4556	1.02
4557	0.09
4558	0.68
4559	0.65
4560	1.41
4561	0.62
4562	0.73
4563	0.39
4564	0.72
4565	0.51
4566	0.79
4567	1.39
4568	1.1
4569	0.61
4570	0.57
4571	0.65
4572	0.99
4573	0.79
4574	0.13
4575	0.19
4576	1.29
4577	1.37
4578	1.11
4579	0.66
4580	0.96
4581	0.01
4582	0.7
4583	0.6
4584	0.86
4585	0.49
4586	0.82
4587	0.64
4588	1.14
4589	0.56
4590	0.26
4591	1.41
4592	0.99
4593	1.29
4594	1.37
4595	0.48
4596	1.15
4597	1.35
4598	0.7
4599	0.79
4600	1.28
4601	0.06
4602	0.88
4603	0.39
4604	0.5
4605	0.28
4606	0.84
4607	0.62
4608	1.04
4609	0.3
4610	0.21
4611	0.07
4612	0.67
4613	0.33
4614	0.93
4615	0.94
4616	0.61
4617	1.18
4618	0.82
4619	1.14
4620	0.51
4621	1.17
4622	0.14
4623	1.04
4624	0.63
4625	0.26
4626	1.2
4627	1.44
4628	0.61
4629	0.75
4630	0.65
4631	0.09
4632	0.18
4633	0.28
4634	0.66
4635	0.92
4636	0.27
4637	0.34
4638	1.34
4639	0.67
4640	0.08
4641	0.31
4642	0.93
4643	1.4
4644	0.64
4645	1.17
4646	0.12
4647	0.44
4648	0.65
4649	0.02
4650	0.15
4651	1.34
4652	0.38
4653	0.2
4654	0.45
4655	1.13
4656	0.21
4657	0.61
4658	1.05
4659	0.71
4660	0.31
4661	0.33
4662	1.44
4663	0.09
4664	0.32
4665	0.97
4666	0.58
4667	0.91
4668	0.22
4669	0.23
4670	1.02
4671	0.84
4672	1.06
4673	0.0
4674	0.56
4675	0.75
4676	0.93
4677	0.57
4678	1.03
4679	0.17
4680	1.27
4681	0.35
4682	0.36
4683	0.89
4684	1.41
4685	0.44
4686	0.8
4687	1.28
4688	0.04
4689	0.47
4690	0.56
4691	0.01
4692	0.22
4693	0.74
4694	1.13
4695	0.95
4696	0.65
4697	1.26
4698	1.37
4699	0.8
4700	0.8
4701	0.69
4702	0.55
4703	1.29
4704	0.4
4705	1.22
4706	0.6
4707	1.01
4708	0.12
4709	0.36
4710	0.88
4711	1.31
4712	0.85
4713	0.34
4714	1.07
4715	1.09
4716	0.66
4717	0.88
4718	0.57
4719	1.29
4720	0.14
4721	0.85
4722	0.28
4723	0.37
4724	1.14
4725	0.56
4726	0.09
4727	1.16
4728	0.51
4729	0.2
4730	1.07
4731	0.5
4732	0.14
4733	0.84
4734	0.02
4735	0.65
4736	1.11
4737	0.71
4738	0.12
4739	0.03
4740	1.36
4741	1.01
4742	0.04
4743	1.0
4744	0.93
4745	0.23
4746	0.21
4747	0.61
4748	1.42
4749	1.03
4750	0.29
4751	0.56
4752	1.1
4753	0.19
4754	0.75
4755	0.59
4756	1.2
4757	1.32
4758	0.81
4759	1.4
4760	0.22
4761	1.18
4762	0.32
4763	1.06
4764	0.25
4765	1.01
4766	0.14
4767	0.17
4768	0.66
4769	0.88
4770	1.36
4771	0.61
4772	0.06
4773	0.99
4774	0.86
4775	1.06
4776	1.43
4777	0.08
4778	0.6
4779	0.39
4780	1.25
4781	0.49
4782	0.27
4783	0.68
4784	0.43
4785	0.43
4786	0.58
4787	0.84
4788	0.29
4789	0.83
4790	0.46
4791	1.41
4792	1.06
4793	0.89
4794	0.95
4795	0.86
4796	1.2
4797	1.17
4798	0.18
4799	1.05
4800	0.18
4801	0.11
4802	0.59
4803	0.38
4804	1.41
4805	0.12
4806	0.07
4807	0.17
4808	0.9
4809	0.79
4810	0.61
4811	0.4
4812	1.32
4813	0.94
4814	0.96
4815	1.38
4816	0.75
4817	0.6
4818	0.01
4819	1.38
4820	1.14
4821	0.98
4822	0.9
4823	0.27
4824	1.19
4825	0.39
4826	0.37
4827	0.6
4828	0.9
4829	0.64
4830	1.25
4831	0.41
4832	1.08
4833	0.08
4834	0.58
4835	1.22
4836	0.76
4837	1.15
4838	0.12
4839	0.26
4840	1.33
4841	0.54
4842	0.26
4843	0.15
4844	0.3
4845	0.87
4846	0.55
4847	0.25
4848	1.03
4849	0.79
4850	0.58
4851	1.12
4852	0.64
4853	0.19
4854	0.76
4855	0.78
4856	0.42
4857	0.97
4858	1.38
4859	1.11
4860	0.65
4861	1.16
4862	0.56
4863	0.59
4864	0.07
4865	1.23
4866	1.05
4867	0.2
4868	1.27
4869	0.47
4870	0.63
4871	0.22
4872	1.07
4873	0.58
4874	0.16
4875	1.19
4876	0.73
4877	0.49
4878	0.42
4879	0.62
4880	0.08
4881	0.89
4882	0.59
4883	1.37
4884	0.38
4885	0.07
4886	0.89
4887	0.59
4888	0.26
4889	0.52
4890	1.09
4891	0.57
4892	1.24
4893	0.41
4894	0.3
4895	0.24
4896	0.3
4897	1.07
4898	0.19
4899	0.5
4900	0.26
4901	0.7
4902	0.94
4903	1.28
4904	1.43
4905	0.53
4906	0.48
4907	0.51
4908	0.8
4909	0.91
4910	0.73
4911	1.13
4912	0.84
4913	0.25
4914	0.35
4915	1.01
4916	1.3
4917	0.1
4918	1.12
4919	0.5
4920	1.12
4921	0.74
4922	1.25
4923	0.14
4924	0.8
4925	0.9
4926	0.62
4927	0.2
4928	0.02
4929	0.8
4930	0.39
4931	0.41
4932	0.74
4933	1.36
4934	1.09
4935	0.1
4936	0.98
4937	0.86
4938	0.34
4939	1.32
4940	0.24
4941	0.55
4942	0.59
4943	0.91
4944	0.51
4945	0.06
4946	1.14
4947	1.32
4948	0.64
4949	0.64
4950	0.14
4951	1.27
4952	0.96
4953	0.66
4954	0.53
4955	0.26
4956	0.81
4957	1.36
4958	0.1
4959	1.06
4960	0.12
4961	0.07
4962	0.6
4963	0.4
4964	0.98
4965	0.01
4966	0.96
4967	0.03
4968	1.17
4969	1.07
4970	1.22
4971	0.09
4972	0.73
4973	1.12
4974	0.8
4975	0.46
4976	0.15
4977	0.21
4978	0.23
4979	0.95
4980	0.68
4981	0.02
4982	1.24
4983	1.19
4984	0.64
4985	0.73
4986	0.92
4987	0.62
4988	0.21
4989	1.04
4990	1.31
4991	0.5
4992	0.03
4993	0.46
4994	0.16
4995	1.29
4996	0.6
4997	0.75
4998	1.15
4999	0.0
5000	0.25
5001	1.0
5002	1.34
5003	0.08
5004	1.0
5005	0.76
5006	0.51
5007	1.06
5008	0.05
5009	0.81
5010	1.42
5011	0.55
5012	1.08
5013	0.27
5014	1.15
5015	1.39
5016	0.34
5017	1.13
5018	1.27
5019	0.58
5020	1.33
5021	0.65
5022	0.43
5023	1.31
5024	1.27
5025	1.4
5026	0.89
5027	0.5
5028	1.0
5029	0.25
5030	0.3
5031	0.3
5032	0.55
5033	0.87
5034	0.27
5035	0.57
5036	0.5
5037	0.62
5038	0.81
5039	1.4
5040	1.14
5041	1.26
5042	0.58
5043	0.39
5044	0.82
5045	0.73
5046	1.19
5047	0.51
5048	0.67
5049	0.35
5050	0.7
5051	1.29
5052	0.25
5053	0.56
5054	0.24
5055	0.87
5056	0.72
5057	1.01
5058	1.42
5059	0.85
5060	0.33
5061	0.78
5062	0.16
5063	0.76
5064	0.25
5065	1.14
5066	0.06
5067	1.33
5068	0.42
5069	1.13
5070	0.7
5071	0.22
5072	1.38
5073	0.62
5074	0.94
5075	0.92
5076	1.42
5077	0.16
5078	0.74
5079	0.75
5080	0.76
5081	0.24
5082	1.18
5083	0.56
5084	0.85
5085	0.45
5086	0.14
5087	1.12
5088	0.99
5089	0.5
5090	0.62
5091	0.24
5092	0.39
5093	1.22
5094	1.18
5095	0.55
5096	1.17
5097	0.52
5098	0.59
5099	0.83
5100	1.27
5101	1.19
5102	0.81
5103	0.49
5104	0.87
5105	0.55
5106	1.42
5107	0.44
5108	0.25
5109	0.46
5110	1.05
5111	0.18
5112	0.57
5113	1.01
5114	0.35
5115	0.73
5116	0.27
5117	0.79
5118	0.46
5119	0.74
5120	1.42
5121	1.15
5122	0.86
5123	0.32
5124	1.01
5125	0.47
5126	0.65
5127	0.42
5128	0.24
5129	0.89
5130	1.33
5131	1.2
5132	0.54
5133	1.13
5134	0.06
5135	0.87
5136	0.59
5137	0.23
5138	1.1
5139	1.08
5140	0.34
5141	0.07
5142	1.31
5143	0.32
5144	1.18
5145	1.29
5146	0.54
5147	0.7
5148	0.33
5149	1.09
5150	0.63
5151	1.39
5152	1.09
5153	0.71
5154	0.68
5155	0.17
5156	1.28
5157	0.92
5158	0.43
5159	0.33
5160	1.26
5161	0.9
5162	0.81
5163	1.11
5164	0.21
5165	0.98
5166	0.15
5167	0.23
5168	0.31
5169	0.84
5170	0.83
5171	1.09
5172	0.06
5173	1.37
5174	0.18
5175	0.98
5176	1.08
5177	0.31
5178	0.18
5179	0.18
5180	0.4
5181	0.3
5182	0.56
5183	1.03
5184	0.1
5185	0.09
5186	0.12
5187	0.96
5188	0.61
5189	1.35
5190	1.15
5191	0.64
5192	1.06
5193	0.18
5194	0.96
5195	0.99
5196	1.01
5197	0.28
5198	0.82
5199	1.14
5200	1.11
5201	0.8
5202	0.97
5203	0.39
5204	0.08
5205	0.96
5206	0.42
5207	1.18
5208	1.11
5209	0.78
5210	1.09
5211	0.69
5212	0.23
5213	0.59
5214	0.01
5215	0.8
5216	0.17
5217	1.17
5218	1.24
5219	0.31
5220	0.37
5221	1.24
5222	1.4
5223	1.01
5224	0.58
5225	0.52
5226	1.31
5227	0.59
5228	0.15
5229	0.16
5230	0.59
5231	1.02
5232	0.94
5233	0.24
5234	1.41
5235	0.42
5236	1.38
5237	1.22
5238	0.74
5239	1.34
5240	0.08
5241	0.03
5242	1.16
5243	1.14
5244	0.27
5245	0.22
5246	0.47
5247	0.16
5248	0.39
5249	0.46
5250	1.21
5251	0.95
5252	0.42
5253	0.34
5254	0.41
5255	1.2
5256	0.2
5257	0.03
5258	0.55
5259	0.11
5260	1.07
5261	1.2
5262	0.48
5263	0.15
5264	1.08
5265	0.34
5266	0.41
5267	0.94
5268	1.36
5269	1.24
5270	0.74
5271	0.01
5272	0.94
5273	0.37
5274	1.06
5275	1.09
5276	1.18
5277	0.77
5278	0.58
5279	0.34
5280	1.42
5281	1.04
5282	0.6
5283	0.78
5284	1.04
5285	0.19
5286	0.13
5287	0.08
5288	0.75
5289	0.89
5290	1.15
5291	0.73
5292	1.13
5293	0.24
5294	1.21
5295	1.16
5296	1.36
5297	0.58
5298	1.23
5299	0.02
5300	0.03
5301	0.15
5302	0.73
5303	0.65
5304	1.34
5305	1.2
5306	0.77
5307	0.31
5308	0.82
5309	0.94
5310	1.12
5311	0.95
5312	0.54
5313	0.11
5314	0.82
5315	1.0
5316	1.04
5317	0.43
5318	1.28
5319	1.25
5320	0.84
5321	0.53
5322	0.43
5323	0.55
5324	0.16
5325	1.2
5326	0.4
5327	0.92
5328	1.34
5329	0.15
5330	0.75
5331	1.15
5332	0.95
5333	1.11
5334	0.01
5335	0.42
5336	0.84
5337	0.25
5338	0.74
5339	0.53
5340	0.99
5341	1.25
5342	0.43
5343	0.87
5344	1.0
5345	0.0
5346	0.69
5347	1.08
5348	0.2
5349	0.47
5350	0.48
5351	0.2
5352	0.07
5353	0.98
5354	0.35
5355	1.36
5356	0.98
5357	0.75
5358	0.73
5359	0.19
5360	0.82
5361	1.02
5362	0.93
5363	1.35
5364	0.21
5365	1.28
5366	0.25
5367	1.05
5368	0.7
5369	1.1
5370	1.18
5371	0.78
5372	1.29
5373	0.97
5374	0.49
5375	0.62
5376	1.41
5377	0.33
5378	0.93
5379	0.53
5380	1.23
5381	0.98
5382	0.05
5383	0.0
5384	1.3
5385	0.72
5386	1.34
5387	1.3
5388	1.12
5389	0.99
5390	0.28
5391	0.39
5392	1.02
5393	0.71
5394	0.41
5395	1.22
5396	0.66
5397	0.95
5398	0.73
5399	0.93
5400	1.14
5401	1.06
5402	0.61
5403	0.8
5404	1.0
5405	1.15
5406	0.04
5407	1.29
5408	0.96
5409	0.07
5410	0.61
5411	0.07
5412	0.76
5413	0.24
5414	0.97
5415	1.3
5416	0.89
5417	0.8
5418	0.56
5419	0.97
5420	1.43
5421	1.25
5422	0.2
5423	0.43
5424	1.14
5425	1.22
5426	1.24
5427	0.93
5428	0.58
5429	0.08
5430	0.67
5431	0.11
5432	0.35
5433	0.54
5434	0.92
5435	0.17
5436	0.93
5437	0.27
5438	0.76
5439	1.38
5440	0.36
5441	0.96
5442	0.73
5443	0.34
5444	0.28
5445	0.75
5446	1.15
5447	0.03
5448	1.21
5449	1.24
5450	0.79
5451	0.34
5452	1.2
5453	1.08
5454	1.44
5455	0.28
5456	0.24
5457	1.24
5458	0.81
5459	1.18
5460	0.55
5461	1.02
5462	1.34
5463	1.16
5464	1.09
5465	0.99
5466	1.0
5467	1.32
5468	0.47
5469	0.35
5470	0.06
5471	0.92
5472	1.2
5473	0.68
5474	0.94
5475	0.57
5476	1.09
5477	0.27
5478	0.01
5479	0.24
5480	0.18
5481	0.29
5482	0.45
5483	1.15
5484	0.77
5485	1.25
5486	1.17
5487	0.69
5488	0.1
5489	0.98
5490	0.5
5491	0.27
5492	1.43
5493	1.22
5494	1.29
5495	1.27
5496	1.04
5497	0.93
5498	0.62
5499	0.71
5500	0.42
5501	1.25
5502	0.93
5503	0.64
5504	0.4
5505	1.42
5506	1.39
5507	1.13
5508	0.38
5509	0.6
5510	0.98
5511	0.8
5512	0.48
5513	0.24
5514	1.33
5515	1.3
5516	0.35
5517	1.37
5518	0.53
5519	1.11
5520	0.82
5521	0.03
5522	1.0
5523	0.58
5524	1.1
5525	0.25
5526	1.14
5527	0.17
5528	0.48
5529	0.54
5530	0.36
5531	1.36
5532	1.01
5533	0.6
5534	0.32
5535	0.78
5536	0.8
5537	1.39
5538	0.04
5539	0.42
5540	0.38
5541	0.41
5542	1.24
5543	0.1
5544	1.23
5545	0.89
5546	0.79
5547	0.67
5548	1.28
5549	0.72
5550	0.59
5551	0.58
5552	1.31
5553	0.45
5554	1.43
5555	0.91
5556	0.8
5557	0.61
5558	0.73
5559	1.24
5560	0.91
5561	1.28
5562	0.56
5563	1.37
5564	0.07
5565	1.18
5566	1.38
5567	0.98
5568	0.51
5569	0.9
5570	1.38
5571	1.35
5572	0.39
5573	0.98
5574	1.14
5575	0.71
5576	1.0
5577	0.56
5578	0.51
5579	0.1
5580	0.01
5581	0.36
5582	0.96
5583	1.17
5584	0.04
5585	0.78
5586	0.08
5587	0.31
5588	0.33
5589	0.91
5590	0.79
5591	1.26
5592	0.32
5593	0.98
5594	1.29
5595	0.21
5596	0.41
5597	0.78
5598	0.34
5599	0.97
5600	0.16
5601	0.58
5602	1.3
5603	0.65
5604	1.32
5605	0.32
5606	1.1
5607	1.08
5608	0.79
5609	1.12
5610	0.15
5611	1.17
5612	0.96
5613	1.29
5614	1.1
5615	0.09
5616	1.06
5617	1.07
5618	0.92
5619	0.07
5620	0.55
5621	1.26
5622	0.82
5623	0.12
5624	0.27
5625	0.11
5626	0.82
5627	0.94
5628	0.84
5629	1.11
5630	0.71
5631	0.04
5632	0.43
5633	0.99
5634	1.03
5635	1.17
5636	0.55
5637	0.76
5638	0.15
5639	1.08
5640	1.04
5641	0.59
5642	0.45
5643	1.18
5644	0.38
5645	1.14
5646	0.34
5647	0.75
5648	1.4
5649	0.03
5650	0.69
5651	0.01
5652	0.32
5653	1.22
5654	0.27
5655	1.19
5656	0.06
5657	0.92
5658	0.68
5659	0.59
5660	1.31
5661	1.27
5662	0.12
5663	0.32
5664	0.56
5665	0.63
5666	0.64
5667	0.59
5668	0.11
5669	0.5
5670	1.3
5671	1.16
5672	0.42
5673	0.82
5674	1.39
5675	0.68
5676	1.18
5677	0.44
5678	0.92
5679	1.18
5680	0.71
5681	0.57
5682	1.35
5683	0.85
5684	1.25
5685	0.81
5686	0.73
5687	1.28
5688	1.43
5689	0.59
5690	0.22
5691	0.02
5692	0.79
5693	0.7
5694	0.88
5695	1.15
5696	0.71
5697	0.83
5698	1.04
5699	1.12
5700	0.8
5701	0.52
5702	0.88
5703	1.2
5704	1.08
5705	0.9
5706	1.32
5707	0.4
5708	0.29
5709	0.14
5710	0.55
5711	1.19
5712	0.4
5713	1.11
5714	0.28
5715	0.89
5716	0.21
5717	1.37
5718	0.51
5719	0.96
5720	0.86
5721	0.1
5722	0.04
5723	1.01
5724	0.84
5725	0.95
5726	0.76
5727	0.09
5728	0.38
5729	0.89
5730	0.17
5731	0.89
5732	0.29
5733	0.94
5734	0.35
5735	0.83
5736	0.63
5737	1.22
5738	0.52
5739	1.28
5740	0.41
5741	0.52
5742	0.41
5743	0.11
5744	0.71
5745	0.61
5746	0.83
5747	0.97
5748	0.88
5749	0.5
5750	0.33
5751	0.4
5752	0.44
5753	0.5
5754	0.89
5755	1.27
5756	0.72
5757	0.4
5758	0.47
5759	0.8
5760	0.6
5761	1.25
5762	0.85
5763	0.3
5764	0.15
5765	0.18
5766	0.95
5767	0.97
5768	1.24
5769	0.86
5770	0.39
5771	0.5
5772	0.62
5773	0.37
5774	0.62
5775	1.07
5776	0.08
5777	1.07
5778	0.79
5779	0.93
5780	1.14
5781	0.21
5782	0.42
5783	1.33
5784	0.94
5785	1.26
5786	0.78
5787	0.95
5788	1.18
5789	0.32
5790	0.73
5791	1.23
5792	0.45
5793	1.12
5794	0.59
5795	0.53
5796	0.16
5797	0.24
5798	0.7
5799	0.82
5800	0.02
5801	1.06
5802	0.42
5803	1.23
5804	0.2
5805	0.16
5806	0.11
5807	0.55
5808	0.23
5809	0.61
5810	0.25
5811	0.15
5812	1.04
5813	0.06
5814	0.39
5815	0.64
5816	1.26
5817	0.45
5818	1.24
5819	0.62
5820	0.73
5821	0.43
5822	1.4
5823	1.44
5824	1.25
5825	0.45
5826	1.03
5827	0.0
5828	0.2
5829	0.57
5830	1.41
5831	1.09
5832	0.25
5833	1.4
5834	1.12
5835	1.18
5836	0.32
5837	0.25
5838	0.35
5839	1.44
5840	1.11
5841	1.21
5842	1.39
5843	0.75
5844	0.72
5845	1.04
5846	0.08
5847	0.88
5848	1.32
5849	1.27
5850	1.02
5851	1.12
5852	0.6
5853	0.18
5854	0.83
5855	0.41
5856	0.55
5857	1.05
5858	0.19
5859	0.54
5860	1.2
5861	1.07
5862	0.03
5863	0.94
5864	0.8
5865	0.56
5866	0.12
5867	0.91
5868	1.13
5869	0.03
5870	0.88
5871	0.76
5872	1.35
5873	0.36
5874	0.61
5875	1.35
5876	0.77
5877	0.13
5878	0.35
5879	0.13
5880	0.58
5881	0.43
5882	1.23
5883	0.8
5884	0.68
5885	1.22
5886	0.39
5887	1.07
5888	1.2
5889	0.66
5890	0.67
5891	0.53
5892	1.17
5893	0.14
5894	1.35
5895	1.38
5896	0.95
5897	0.4
5898	1.28
5899	0.13
5900	1.07
5901	0.76
5902	0.42
5903	1.43
5904	0.63
5905	1.43
5906	1.01
5907	1.26
5908	0.24
5909	0.6
5910	0.88
5911	0.96
5912	0.08
5913	0.57
5914	1.09
5915	0.8
5916	0.13
5917	1.31
5918	1.06
5919	1.35
5920	0.12
5921	0.92
5922	1.34
5923	1.35
5924	0.69
5925	0.49
5926	1.26
5927	1.36
5928	1.1
5929	1.27
5930	0.99
5931	0.17
5932	0.05
5933	0.62
5934	0.84
5935	0.28
5936	0.28
5937	1.01
5938	0.3
5939	0.81
5940	0.6
5941	0.27
5942	1.42
5943	1.43
5944	0.38
5945	0.74
5946	0.37
5947	0.08
5948	0.18
5949	0.01
5950	0.58
5951	1.41
5952	0.81
5953	0.21
5954	1.2
5955	0.7
5956	0.38
5957	1.3
5958	0.74
5959	0.39
5960	0.56
5961	0.92
5962	0.38
5963	0.1
5964	0.94
5965	0.69
5966	1.05
5967	0.3
5968	0.92
5969	1.25
5970	1.23
5971	0.89
5972	1.17
5973	0.61
5974	1.24
5975	0.21
5976	1.4
5977	0.4
5978	1.26
5979	0.74
5980	1.43
5981	0.14
5982	0.74
5983	1.05
5984	0.11
5985	0.17
5986	0.81
5987	1.2
5988	0.54
5989	1.27
5990	0.74
5991	0.91
5992	0.22
5993	0.88
5994	0.42
5995	1.04
5996	0.81
5997	0.32
5998	0.1
5999	1.22
6000	1.28
6001	0.63
6002	0.8
6003	1.03
6004	1.3
6005	0.86
6006	1.16
6007	0.38
6008	0.47
6009	0.03
6010	1.32
6011	1.42
6012	1.32
6013	0.11
6014	0.07
6015	1.07
6016	0.27
6017	0.92
6018	1.36
6019	0.8
6020	0.05
6021	1.26
6022	0.34
6023	0.55
6024	1.11
6025	0.91
6026	0.07
6027	0.93
6028	1.07
6029	1.27
6030	0.9
6031	0.8
6032	0.0
6033	0.81
6034	0.06
6035	0.67
6036	1.38
6037	1.13
6038	0.67
6039	0.02
6040	0.1
6041	0.1
6042	1.33
6043	0.25
6044	1.4
6045	1.39
6046	0.02
6047	1.35
6048	0.61
6049	0.07
6050	0.41
6051	1.18
6052	1.35
6053	0.31
6054	0.84
6055	0.82
6056	1.01
6057	0.11
6058	0.85
6059	1.01
6060	0.88
6061	1.32
6062	0.53
6063	1.06
6064	0.59
6065	0.7
6066	0.63
6067	1.14
6068	0.28
6069	0.16
6070	0.1
6071	0.82
6072	0.34
6073	0.36
6074	0.16
6075	0.91
6076	0.6
6077	1.26
6078	1.41
6079	0.68
6080	0.46
6081	0.95
6082	0.56
6083	0.82
6084	0.91
6085	0.84
6086	1.02
6087	0.62
6088	0.82
6089	1.24
6090	1.07
6091	0.11
6092	1.01
6093	1.43
6094	0.23
6095	0.07
6096	0.91
6097	0.69
6098	1.32
6099	1.13
6100	1.18
6101	0.29
6102	0.58
6103	0.82
6104	1.16
6105	0.32
6106	1.11
6107	0.0
6108	0.01
6109	1.29
6110	1.24
6111	1.43
6112	0.43
6113	0.04
6114	0.16
6115	0.53
6116	0.08
6117	0.14
6118	0.21
6119	0.92
6120	1.3
6121	0.97
6122	0.31
6123	0.04
6124	1.29
6125	0.05
6126	0.03
6127	1.32
6128	0.81
6129	0.63
6130	0.28
6131	0.71
6132	1.03
6133	0.69
6134	0.33
6135	0.34
6136	0.67
6137	0.72
6138	1.2
6139	0.36
6140	0.14
6141	0.33
6142	1.03
6143	0.8
6144	0.63
6145	1.06
6146	0.21
6147	1.26
6148	0.54
6149	0.91
6150	0.87
6151	0.05
6152	0.06
6153	0.62
6154	0.41
6155	1.21
6156	1.17
6157	1.29
6158	1.07
6159	0.66
6160	0.58
6161	1.29
6162	1.21
6163	0.08
6164	1.3
6165	1.07
6166	0.72
6167	0.46
6168	1.4
6169	0.23
6170	0.26
6171	0.57
6172	0.62
6173	0.26
6174	0.58
6175	1.24
6176	0.76
6177	0.18
6178	1.22
6179	0.19
6180	0.21
6181	1.42
6182	1.28
6183	0.58
6184	0.19
6185	0.52
6186	0.1
6187	0.97
6188	0.04
6189	0.3
6190	0.8
6191	1.36
6192	0.99
6193	0.43
6194	1.31
6195	1.4
6196	0.46
6197	0.92
6198	0.04
6199	0.51
6200	0.9
6201	0.05
6202	0.76
6203	1.1
6204	0.45
6205	1.36
6206	0.15
6207	1.09
6208	0.91
6209	1.42
6210	0.72
6211	0.66
6212	0.26
6213	0.64
6214	0.53
6215	0.18
6216	1.09
6217	0.96
6218	0.53
6219	1.31
6220	0.34
6221	0.43
6222	1.3
6223	0.74
6224	0.53
6225	0.58
6226	0.93
6227	1.14
6228	0.56
6229	0.06
6230	1.31
6231	1.09
6232	1.08
6233	1.0
6234	0.19
6235	0.78
6236	0.41
6237	0.36
6238	1.02
6239	0.48
6240	0.43
6241	0.12
6242	0.32
6243	0.84
6244	0.33
6245	1.39
6246	0.72
6247	0.74
6248	0.37
6249	0.28
6250	0.62
6251	0.24
6252	0.52
6253	0.71
6254	0.69
6255	0.75
6256	1.17
6257	0.27
6258	0.7
6259	0.61
6260	0.59
6261	0.5
6262	0.17
6263	1.26
6264	1.31
6265	0.53
6266	0.98
6267	1.07
6268	0.96
6269	0.63
6270	1.3
6271	1.13
6272	0.02
6273	1.18
6274	1.15
6275	0.7
6276	0.05
6277	0.92
6278	0.22
6279	1.03
6280	1.39
6281	0.25
6282	1.32
6283	1.36
6284	0.45
6285	0.89
6286	0.19
6287	1.3
6288	0.34
6289	0.01
6290	0.3
6291	1.06
6292	0.3
6293	0.37
6294	1.28
6295	0.74
6296	1.17
6297	0.39
6298	0.66
6299	1.34
6300	0.53
6301	0.48
6302	1.03
6303	0.22
6304	1.1
6305	1.2
6306	1.42
6307	1.02
6308	0.34
6309	0.11
6310	0.55
6311	0.39
6312	0.8
6313	0.88
6314	0.14
6315	1.37
6316	0.01
6317	0.67
6318	1.09
6319	1.16
6320	0.56
6321	0.71
6322	1.2
6323	0.76
6324	0.19
6325	0.2
6326	1.3
6327	0.38
6328	0.05
6329	0.35
6330	1.01
6331	0.5
6332	1.12
6333	0.79
6334	1.38
6335	0.1
6336	0.58
6337	0.9
6338	0.92
6339	0.67
6340	0.23
6341	0.61
6342	1.28
6343	1.03
6344	0.33
6345	0.44
6346	0.39
6347	1.01
6348	0.46
6349	0.22
6350	0.04
6351	0.72
6352	0.37
6353	1.34
6354	0.14
6355	0.4
6356	0.17
6357	0.36
6358	1.35
6359	1.06
6360	1.29
6361	0.19
6362	0.05
6363	1.35
6364	0.31
6365	0.58
6366	0.69
6367	0.99
6368	0.44
6369	0.38
6370	0.81
6371	0.93
6372	0.59
6373	0.02
6374	0.79
6375	0.61
6376	1.05
6377	0.54
6378	0.34
6379	1.07
6380	1.21
6381	0.81
6382	1.4
6383	0.44
6384	0.61
6385	0.32
6386	1.08
6387	0.59
6388	0.52
6389	1.16
6390	1.21
6391	0.57
6392	0.68
6393	0.22
6394	0.46
6395	0.68
6396	0.6
6397	0.92
6398	1.31
6399	1.41
6400	0.24
6401	0.21
6402	0.53
6403	1.34
6404	1.39
6405	0.55
6406	0.69
6407	0.62
6408	0.43
6409	1.33
6410	1.16
6411	0.61
6412	1.07
6413	1.33
6414	1.38
6415	0.52
6416	0.38
6417	1.31
6418	1.17
6419	0.31
6420	1.35
6421	0.06
6422	1.41
6423	0.74
6424	1.38
6425	0.04
6426	0.14
6427	1.27
6428	1.1
6429	1.16
6430	0.69
6431	0.33
6432	0.38
6433	1.42
6434	0.82
6435	0.04
6436	0.65
6437	0.36
6438	0.87
6439	1.03
6440	0.46
6441	0.83
6442	0.88
6443	0.55
6444	1.27
6445	1.14
6446	0.49
6447	0.67
6448	1.18
6449	1.35
6450	0.55
6451	0.44
6452	0.08
6453	0.86
6454	0.09
6455	0.37
6456	0.27
6457	1.08
6458	0.09
6459	1.14
6460	0.5
6461	0.82
6462	0.6
6463	1.2
6464	0.27
6465	0.7
6466	0.18
6467	0.17
6468	0.95
6469	1.25
6470	1.19
6471	0.46
6472	0.59
6473	1.19
6474	1.26
6475	0.46
6476	0.81
6477	1.32
6478	0.98
6479	0.93
6480	1.06
6481	1.27
6482	0.62
6483	0.03
6484	1.13
6485	0.5
6486	0.81
6487	0.21
6488	0.34
6489	0.04
6490	0.96
6491	0.47
6492	0.47
6493	0.57
6494	1.09
6495	1.38
6496	0.31
6497	0.67
6498	0.93
6499	1.29
6500	0.69
6501	0.79
6502	1.27
6503	0.24
6504	0.12
6505	0.53
6506	0.33
6507	0.14
6508	1.01
6509	0.14
6510	0.04
6511	0.39
6512	0.9
6513	0.29
6514	0.7
6515	0.4
6516	1.3
6517	0.24
6518	0.73
6519	1.32
6520	0.68
6521	0.77
6522	0.14
6523	1.27
6524	0.9
6525	0.22
6526	1.43
6527	1.19
6528	0.71
6529	1.12
6530	0.68
6531	0.45
6532	1.2
6533	0.95
6534	0.98
6535	1.12
6536	1.03
6537	0.05
6538	0.73
6539	0.83
6540	0.88
6541	0.61
6542	1.3
6543	0.45
6544	0.04
6545	1.11
6546	0.83
6547	1.33
6548	0.32
6549	1.15
6550	0.82
6551	1.32
6552	0.91
6553	0.32
6554	0.43
6555	0.56
6556	0.75
6557	0.8
6558	0.22
6559	0.01
6560	0.74
6561	0.78
6562	0.74
6563	1.24
6564	1.18
6565	1.37
6566	0.14
6567	0.61
6568	0.96
6569	1.17
6570	0.12
6571	0.93
6572	0.18
6573	0.2
6574	0.46
6575	1.11
6576	0.29
6577	0.55
6578	0.71
6579	0.01
6580	0.57
6581	0.44
6582	0.97
6583	1.13
6584	0.13
6585	0.01
6586	1.21
6587	0.06
6588	0.81
6589	0.47
6590	0.02
6591	1.41
6592	0.14
6593	0.62
6594	1.35
6595	1.12
6596	1.35
6597	0.13
6598	0.89
6599	0.94
6600	0.06
6601	1.16
6602	1.36
6603	1.25
6604	0.72
6605	0.08
6606	0.72
6607	0.78
6608	0.86
6609	0.62
6610	0.46
6611	1.31
6612	1.04
6613	0.52
6614	0.84
6615	0.13
6616	0.43
6617	0.27
6618	0.71
6619	1.42
6620	0.72
6621	0.67
6622	0.39
6623	1.3
6624	0.06
6625	1.23
6626	1.12
6627	0.71
6628	1.32
6629	0.43
6630	1.31
6631	0.61
6632	0.47
6633	1.14
6634	0.47
6635	0.19
6636	1.41
6637	0.03
6638	0.69
6639	0.8
6640	0.01
6641	0.17
6642	0.67
6643	0.87
6644	0.61
6645	0.63
6646	1.08
6647	1.2
6648	0.8
6649	0.12
6650	0.11
6651	0.08
6652	1.01
6653	1.36
6654	0.08
6655	0.59
6656	0.31
6657	0.6
6658	0.81
6659	0.98
6660	1.12
6661	0.29
6662	1.13
6663	1.27
6664	1.08
6665	1.27
6666	1.26
6667	1.35
6668	0.89
6669	0.37
6670	1.16
6671	0.65
6672	0.3
6673	1.04
6674	0.81
6675	1.16
6676	0.96
6677	1.3
6678	0.74
6679	1.11
6680	0.82
6681	0.93
6682	0.1
6683	0.37
6684	0.79
6685	0.65
6686	0.19
6687	0.23
6688	0.82
6689	0.21
6690	0.06
6691	0.21
6692	0.33
6693	0.9
6694	1.32
6695	0.71
6696	0.73
6697	1.38
6698	0.48
6699	0.31
6700	0.34
6701	1.22
6702	1.4
6703	0.01
6704	0.82
6705	0.04
6706	0.33
6707	0.77
6708	0.09
6709	0.37
6710	0.82
6711	1.01
6712	0.64
6713	0.7
6714	0.9
6715	1.39
6716	0.72
6717	0.14
6718	1.13
6719	0.75
6720	0.6
6721	1.2
6722	0.91
6723	0.72
6724	1.12
6725	0.91
6726	1.38
6727	0.84
6728	0.08
6729	0.62
6730	0.72
6731	1.16
6732	1.14
6733	1.23
6734	0.77
6735	1.36
6736	1.13
6737	0.6
6738	0.13
6739	0.97
6740	1.0
6741	0.76
6742	0.1
6743	1.05
6744	0.79
6745	0.79
6746	0.47
6747	0.79
6748	0.85
6749	0.95
6750	1.21
6751	0.05
6752	0.19
6753	0.57
6754	0.85
6755	1.19
6756	0.25
6757	1.12
6758	0.61
6759	1.31
6760	0.0
6761	0.25
6762	1.08
6763	1.27
6764	0.89
6765	0.71
6766	0.97
6767	1.25
6768	1.25
6769	0.41
6770	1.28
6771	0.13
6772	0.3
6773	1.15
6774	0.38
6775	0.21
6776	0.2
6777	1.03
6778	0.74
6779	0.69
6780	0.89
6781	1.37
6782	0.76
6783	1.21
6784	0.96
6785	1.43
6786	0.28
6787	0.73
6788	0.86
6789	0.46
6790	0.65
6791	0.46
6792	0.71
6793	0.86
6794	0.83
6795	0.63
6796	0.8
6797	1.41
6798	0.86
6799	0.97
6800	1.36
6801	0.01
6802	0.41
6803	1.11
6804	0.29
6805	0.72
6806	1.23
6807	0.33
6808	1.42
6809	0.47
6810	0.42
6811	0.56
6812	0.79
6813	1.18
6814	1.36
6815	1.1
6816	1.15
6817	0.9
6818	0.29
6819	0.61
6820	1.11
6821	0.68
6822	0.69
6823	1.33
6824	0.41
6825	0.27
6826	1.17
6827	0.01
6828	0.32
6829	1.01
6830	0.5
6831	0.93
6832	0.67
6833	0.72
6834	0.1
6835	1.41
6836	1.21
6837	1.28
6838	0.8
6839	0.23
6840	0.33
6841	0.41
6842	1.27
6843	1.16
6844	0.82
6845	1.34
6846	0.33
6847	1.41
6848	0.23
6849	0.99
6850	0.32
6851	0.56
6852	1.38
6853	1.09
6854	1.11
6855	0.92
6856	0.9
6857	0.82
6858	0.99
6859	1.13
6860	0.98
6861	1.32
6862	0.89
6863	0.13
6864	0.9
6865	0.01
6866	0.12
6867	0.67
6868	0.42
6869	1.07
6870	0.55
6871	0.09
6872	0.4
6873	0.96
6874	0.67
6875	0.82
6876	0.92
6877	0.97
6878	0.23
6879	0.9
6880	0.69
6881	0.31
6882	0.23
6883	0.31
6884	0.16
6885	0.98
6886	0.81
6887	0.17
6888	0.63
6889	0.83
6890	1.42
6891	1.1
6892	1.17
6893	1.24
6894	1.22
6895	0.63
6896	1.2
6897	0.76
6898	0.79
6899	0.88
6900	0.46
6901	0.46
6902	0.38
6903	1.0
6904	1.44
6905	0.69
6906	0.92
6907	0.95
6908	1.28
6909	0.38
6910	0.55
6911	0.03
6912	0.33
6913	1.0
6914	1.19
6915	0.07
6916	0.55
6917	1.35
6918	0.77
6919	0.08
6920	0.21
6921	0.13
6922	0.67
6923	0.82
6924	0.06
6925	1.0
6926	1.21
6927	1.19
6928	0.24
6929	1.39
6930	0.44
6931	0.6
6932	0.5
6933	0.92
6934	1.1
6935	0.85
6936	0.58
6937	0.31
6938	0.22
6939	1.34
6940	1.13
6941	0.8
6942	0.99
6943	1.36
6944	0.66
6945	0.74
6946	0.67
6947	0.59
6948	0.68
6949	1.24
6950	0.23
6951	1.06
6952	1.26
6953	0.98
6954	0.41
6955	0.61
6956	0.39
6957	0.79
6958	0.91
6959	0.51
6960	0.49
6961	1.16
6962	1.14
6963	0.12
6964	0.35
6965	1.34
6966	1.2
6967	1.44
6968	0.83
6969	0.39
6970	1.39
6971	0.13
6972	1.29
6973	0.54
6974	0.31
6975	0.2
6976	0.72
6977	1.07
6978	1.3
6979	0.69
6980	1.34
6981	0.11
6982	1.28
6983	0.28
6984	1.07
6985	1.23
6986	0.37
6987	0.55
6988	0.6
6989	1.05
6990	0.63
6991	1.27
6992	0.47
6993	1.04
6994	0.49
6995	0.64
6996	0.56
6997	1.37
6998	1.05
6999	1.27
7000	0.63
7001	0.0
7002	1.08
7003	0.72
7004	1.02
7005	1.33
7006	0.84
7007	0.15
7008	1.18
7009	0.55
7010	0.39
7011	0.09
7012	0.92
7013	0.15
7014	1.04
7015	0.74
7016	0.07
7017	0.35
7018	0.99
7019	0.97
7020	0.07
7021	0.61
7022	0.82
7023	1.14
7024	0.27
7025	0.09
7026	0.9
7027	0.03
7028	0.36
7029	1.07
7030	0.19
7031	1.21
7032	0.17
7033	1.22
7034	1.09
7035	1.24
7036	0.16
7037	1.23
7038	1.08
7039	1.36
7040	0.53
7041	0.7
7042	1.43
7043	1.42
7044	0.87
7045	0.09
7046	0.15
7047	1.38
7048	0.3
7049	1.39
7050	0.79
7051	1.06
7052	0.36
7053	0.21
7054	0.76
7055	1.16
7056	1.16
7057	0.84
7058	1.06
7059	0.98
7060	0.65
7061	0.35
7062	0.27
7063	1.13
7064	0.7
7065	0.92
7066	1.0
7067	1.04
7068	1.09
7069	0.01
7070	0.58
7071	0.35
7072	0.26
7073	0.15
7074	1.28
7075	0.02
7076	0.8
7077	0.24
7078	0.7
7079	1.3
7080	0.31
7081	0.02
7082	0.77
7083	1.37
7084	1.0
7085	0.59
7086	1.19
7087	1.35
7088	1.33
7089	0.91
7090	0.55
7091	0.21
7092	1.0
7093	0.37
7094	0.8
7095	0.47
7096	0.32
7097	0.76
7098	0.88
7099	0.48
7100	0.35
7101	1.39
7102	0.65
7103	0.59
7104	0.8
7105	1.32
7106	1.4
7107	0.4
7108	0.53
7109	0.66
7110	0.37
7111	0.08
7112	0.57
7113	1.16
7114	0.21
7115	1.1
7116	0.56
7117	0.69
7118	0.38
7119	1.14
7120	0.25
7121	0.87
7122	1.23
7123	1.29
7124	0.84
7125	0.53
7126	0.07
7127	0.1
7128	1.16
7129	0.75
7130	0.47
7131	1.08
7132	0.83
7133	0.56
7134	1.16
7135	0.9
7136	0.98
7137	0.88
7138	0.45
7139	1.26
7140	0.68
7141	0.31
7142	0.48
7143	0.96
7144	0.95
7145	0.54
7146	0.63
7147	0.23
7148	1.0
7149	0.43
7150	0.63
7151	0.31
7152	1.23
7153	0.37
7154	1.13
7155	0.92
7156	1.25
7157	1.24
7158	0.65
7159	1.35
7160	0.06
7161	0.21
7162	0.97
7163	0.17
7164	0.55
7165	1.37
7166	0.86
7167	0.87
7168	0.06
7169	0.27
7170	0.12
7171	1.15
7172	0.56
7173	1.12
7174	1.31
7175	1.09
7176	0.49
7177	0.19
7178	1.36
7179	0.33
7180	0.17
7181	1.22
7182	1.21
7183	1.0
7184	1.03
7185	0.64
7186	0.57
7187	0.96
7188	0.87
7189	0.3
7190	1.09
7191	1.14
7192	0.23
7193	0.94
7194	0.31
7195	0.57
7196	0.35
7197	1.02
7198	1.31
7199	0.93
7200	0.13
7201	0.82
7202	0.38
7203	0.38
7204	1.31
7205	0.82
7206	1.21
7207	1.03
7208	0.93
7209	1.32
7210	1.37
7211	0.89
7212	0.43
7213	0.0
7214	0.48
7215	0.51
7216	0.05
7217	1.02
7218	0.23
7219	0.6
7220	0.2
7221	0.69
7222	0.81
7223	1.03
7224	1.28
7225	0.17
7226	0.96
7227	0.24
7228	0.78
7229	0.7
7230	0.41
7231	0.35
7232	0.34
7233	0.45
7234	1.12
7235	0.98
7236	1.17
7237	1.24
7238	0.04
7239	0.65
7240	0.93
7241	0.71
7242	1.12
7243	0.11
7244	0.14
7245	0.95
7246	0.18
7247	0.88
7248	0.95
7249	1.01
7250	0.28
7251	0.41
7252	1.37
7253	0.4
7254	1.42
7255	0.81
7256	0.69
7257	0.82
7258	0.06
7259	1.06
7260	0.89
7261	0.85
7262	1.19
7263	1.25
7264	1.33
7265	0.51
7266	1.39
7267	1.1
7268	0.31
7269	0.24
7270	0.0
7271	1.06
7272	0.16
7273	0.35
7274	0.78
7275	1.05
7276	0.55
7277	0.16
7278	0.12
7279	0.93
7280	0.22
7281	1.17
7282	1.07
7283	0.8
7284	0.89
7285	1.43
7286	0.64
7287	0.78
7288	0.39
7289	1.33
7290	0.03
7291	1.17
7292	0.6
7293	1.32
7294	1.09
7295	1.06
7296	0.1
7297	0.35
7298	0.08
7299	1.11
7300	1.09
7301	0.31
7302	1.29
7303	0.87
7304	0.57
7305	0.85
7306	1.08
7307	1.02
7308	0.84
7309	1.39
7310	1.01
7311	0.61
7312	0.23
7313	0.66
7314	0.67
7315	0.31
7316	1.05
7317	0.2
7318	0.02
7319	0.93
7320	0.49
7321	0.39
7322	1.29
7323	0.46
7324	0.89
7325	0.48
7326	0.39
7327	0.33
7328	1.17
7329	0.99
7330	1.21
7331	1.18
7332	0.39
7333	0.32
7334	1.23
7335	1.08
7336	0.51
7337	0.1
7338	0.56
7339	0.77
7340	0.12
7341	0.17
7342	0.25
7343	0.73
7344	0.3
7345	1.35
7346	0.33
7347	0.26
7348	0.69
7349	1.34
7350	1.21
7351	1.06
7352	0.84
7353	0.51
7354	1.03
7355	0.01
7356	0.03
7357	1.33
7358	0.74
7359	0.7
7360	0.32
7361	1.38
7362	0.76
7363	0.29
7364	1.37
7365	0.46
7366	1.12
7367	0.54
7368	0.94
7369	0.75
7370	0.32
7371	1.24
7372	0.2
7373	0.05
7374	0.6
7375	1.07
7376	1.37
7377	0.22
7378	0.83
7379	0.2
7380	1.21
7381	0.2
7382	0.98
7383	1.23
7384	0.22
7385	0.88
7386	1.01
7387	0.96
7388	0.72
7389	1.03
7390	0.88
7391	1.34
7392	0.91
7393	1.27
7394	0.2
7395	0.81
7396	0.56
7397	0.7
7398	0.28
7399	0.6
7400	0.04
7401	0.15
7402	0.58
7403	1.0
7404	1.17
7405	0.05
7406	0.2
7407	1.15
7408	0.6
7409	1.0
7410	1.0
7411	0.03
7412	1.08
7413	1.42
7414	0.93
7415	0.51
7416	0.29
7417	0.47
7418	0.08
7419	0.86
7420	0.86
7421	1.31
7422	0.85
7423	0.44
7424	0.53
7425	1.04
7426	1.03
7427	0.67
7428	0.06
7429	0.48
7430	1.21
7431	0.35
7432	1.12
7433	0.55
7434	1.0
7435	0.86
7436	1.16
7437	0.96
7438	0.32
7439	0.53
7440	1.27
7441	1.04
7442	0.48
7443	1.1
7444	0.86
7445	0.06
7446	0.72
7447	0.75
7448	0.28
7449	0.79
7450	0.82
7451	0.88
7452	0.43
7453	0.53
7454	0.65
7455	0.75
7456	1.07
7457	0.58
7458	0.69
7459	0.36
7460	0.69
7461	0.35
7462	1.1
7463	0.25
7464	0.85
7465	0.84
7466	0.47
7467	0.76
7468	0.19
7469	1.21
7470	1.04
7471	0.55
7472	1.23
7473	0.5
7474	0.32
7475	0.19
7476	0.71
7477	1.23
7478	0.3
7479	1.0
7480	1.33
7481	0.71
7482	0.17
7483	0.0
7484	1.42
7485	0.83
7486	1.15
7487	0.01
7488	0.13
7489	1.03
7490	0.27
7491	0.22
7492	0.69
7493	1.38
7494	1.39
7495	0.82
7496	1.36
7497	1.35
7498	0.16
7499	1.34
7500	0.99
7501	0.43
7502	0.9
7503	0.32
7504	0.66
7505	0.5
7506	0.05
7507	1.29
7508	1.02
7509	0.74
7510	0.39
7511	0.85
7512	0.49
7513	1.34
7514	0.79
7515	0.51
7516	0.54
7517	0.85
7518	0.84
7519	0.68
7520	0.01
7521	0.95
7522	1.04
7523	1.01
7524	0.69
7525	0.24
7526	1.04
7527	0.16
7528	0.46
7529	0.49
7530	0.5
7531	0.36
7532	1.4
7533	1.43
7534	0.97
7535	0.33
7536	0.58
7537	1.33
7538	0.69
7539	1.32
7540	0.25
7541	0.06
7542	0.94
7543	0.89
7544	0.45
7545	0.21
7546	0.82
7547	1.24
7548	0.19
7549	0.46
7550	0.19
7551	0.17
7552	0.46
7553	1.27
7554	0.9
7555	0.14
7556	0.36
7557	0.14
7558	0.46
7559	0.69
7560	0.13
7561	0.13
7562	0.02
7563	1.39
7564	0.86
7565	0.46
7566	0.0
7567	0.62
7568	1.38
7569	0.99
7570	0.72
7571	0.89
7572	0.14
7573	0.71
7574	1.13
7575	0.28
7576	0.61
7577	1.26
7578	0.21
7579	0.09
7580	0.68
7581	1.33
7582	0.7
7583	1.32
7584	1.19
7585	0.21
7586	0.45
7587	0.22
7588	0.1
7589	0.98
7590	0.14
7591	0.8
7592	0.32
7593	1.04
7594	1.23
7595	0.49
7596	0.33
7597	0.19
7598	0.32
7599	0.58
7600	0.03
7601	0.41
7602	1.09
7603	0.01
7604	0.78
7605	0.6
7606	0.5
7607	0.87
7608	0.93
7609	0.17
7610	0.88
7611	0.2
7612	0.15
7613	1.44
7614	0.97
7615	0.58
7616	1.1
7617	0.88
7618	0.53
7619	0.47
7620	0.67
7621	1.25
7622	0.08
7623	0.92
7624	0.44
7625	1.44
7626	1.21
7627	0.96
7628	0.68
7629	0.9
7630	0.49
7631	0.54
7632	1.23
7633	0.15
7634	0.87
7635	0.48
7636	0.46
7637	1.4
7638	1.14
7639	0.92
7640	0.03
7641	0.2
7642	1.01
7643	0.01
7644	0.52
7645	0.01
7646	1.1
7647	1.27
7648	0.59
7649	0.46
7650	0.22
7651	0.75
7652	0.64
7653	1.19
7654	1.41
7655	0.9
7656	0.9
7657	0.5
7658	1.34
7659	0.39
7660	1.39
7661	0.55
7662	1.17
7663	1.23
7664	0.36
7665	0.86
7666	1.02
7667	0.29
7668	1.41
7669	1.1
7670	1.07
7671	0.89
7672	0.87
7673	0.99
7674	1.41
7675	0.67
7676	0.03
7677	1.22
7678	0.19
7679	0.9
7680	0.69
7681	0.42
7682	1.06
7683	0.42
7684	0.66
7685	1.15
7686	0.2
7687	0.04
7688	1.32
7689	1.23
7690	0.44
7691	0.32
7692	0.88
7693	0.52
7694	1.11
7695	0.91
7696	1.08
7697	1.2
7698	0.23
7699	0.69
7700	0.11
7701	1.2
7702	0.79
7703	0.47
7704	0.2
7705	1.43
7706	1.1
7707	0.11
7708	1.37
7709	0.63
7710	0.19
7711	0.87
7712	0.1
7713	0.91
7714	0.88
7715	1.41
7716	0.22
7717	1.14
7718	0.5
7719	1.25
7720	0.47
7721	0.19
7722	1.17
7723	0.76
7724	0.31
7725	0.79
7726	0.4
7727	0.03
7728	0.96
7729	0.82
7730	1.25
7731	0.49
7732	1.26
7733	0.01
7734	0.98
7735	0.08
7736	1.29
7737	0.07
7738	0.12
7739	0.31
7740	1.21
7741	0.39
7742	0.57
7743	1.04
7744	0.84
7745	0.6
7746	0.09
7747	1.14
7748	1.21
7749	0.29
7750	0.5
7751	0.83
7752	0.41
7753	0.56
7754	0.03
7755	1.13
7756	0.84
7757	0.26
7758	1.1
7759	0.52
7760	0.25
7761	0.73
7762	1.22
7763	0.38
7764	1.04
7765	0.51
7766	1.16
7767	1.3
7768	0.93
7769	0.49
7770	0.17
7771	1.31
7772	0.68
7773	0.9
7774	0.81
7775	0.1
7776	0.18
7777	0.91
7778	0.11
7779	0.25
7780	1.13
7781	0.2
7782	1.09
7783	0.1
7784	1.24
7785	1.3
7786	0.2
7787	0.82
7788	0.65
7789	1.34
7790	1.36
7791	0.59
7792	0.05
7793	0.52
7794	0.34
7795	1.23
7796	0.67
7797	1.06
7798	0.51
7799	1.4
7800	0.11
7801	0.24
7802	0.56
7803	1.03
7804	1.16
7805	1.32
7806	0.03
7807	0.49
7808	1.22
7809	0.53
7810	0.81
7811	0.37
7812	0.57
7813	0.11
7814	0.18
7815	0.82
7816	0.43
7817	0.24
7818	1.27
7819	1.28
7820	1.24
7821	0.5
7822	1.05
7823	0.15
7824	1.34
7825	1.14
7826	0.14
7827	1.13
7828	0.07
7829	0.39
7830	1.06
7831	0.13
7832	1.07
7833	0.97
7834	1.14
7835	0.62
7836	0.05
7837	0.45
7838	0.94
7839	1.41
7840	0.94
7841	0.88
7842	0.96
7843	1.02
7844	0.64
7845	1.35
7846	1.38
7847	0.83
7848	1.39
7849	0.34
7850	1.16
7851	0.24
7852	0.41
7853	1.42
7854	0.44
7855	0.27
7856	0.5
7857	0.38
7858	1.39
7859	1.23
7860	0.2
7861	1.18
7862	1.4
7863	0.86
7864	0.82
7865	0.51
7866	0.53
7867	1.06
7868	0.24
7869	0.96
7870	0.39
7871	0.77
7872	0.47
7873	0.8
7874	0.16
7875	0.52
7876	0.69
7877	0.5
7878	0.14
7879	0.21
7880	0.27
7881	0.1
7882	0.35
7883	0.43
7884	1.12
7885	1.28
7886	0.96
7887	0.68
7888	1.37
7889	0.37
7890	0.21
7891	0.01
7892	0.42
7893	1.42
7894	1.03
7895	0.93
7896	0.19
7897	0.3
7898	0.94
7899	1.39
7900	1.32
7901	0.95
7902	0.44
7903	0.71
7904	1.38
7905	1.17
7906	1.19
7907	0.54
7908	1.02
7909	0.69
7910	0.55
7911	1.31
7912	0.13
7913	0.16
7914	0.16
7915	0.88
7916	0.54
7917	1.35
7918	0.75
7919	0.85
7920	1.42
7921	0.7
7922	0.41
7923	1.28
7924	1.18
7925	1.02
7926	0.14
7927	0.83
7928	0.05
7929	0.79
7930	0.65
7931	0.2
7932	0.06
7933	1.31
7934	0.8
7935	0.77
7936	0.91
7937	1.44
7938	1.17
7939	0.01
7940	1.24
7941	1.31
7942	0.08
7943	0.94
7944	1.21
7945	0.8
7946	0.58
7947	1.26
7948	0.45
7949	1.08
7950	0.59
7951	0.08
7952	0.78
7953	0.24
7954	1.11
7955	0.51
7956	0.16
7957	0.41
7958	0.78
7959	0.84
7960	0.14
7961	0.05
7962	0.3
7963	0.31
7964	0.03
7965	0.4
7966	1.41
7967	0.19
7968	0.75
7969	1.41
7970	0.4
7971	0.79
7972	0.84
7973	0.06
7974	0.83
7975	0.05
7976	0.4
7977	1.21
7978	0.78
7979	0.39
7980	0.92
7981	0.27
7982	1.3
7983	0.29
7984	0.83
7985	0.68
7986	0.7
7987	0.97
7988	0.23
7989	0.6
7990	1.28
7991	0.76
7992	1.26
7993	0.79
7994	0.12
7995	0.47
7996	0.71
7997	0.23
7998	1.03
7999	1.28
8000	0.81
8001	1.04
8002	1.02
8003	0.38
8004	1.29
8005	0.52
8006	1.36
8007	0.7
8008	1.12
8009	1.31
8010	1.32
8011	0.27
8012	0.83
8013	0.68
8014	0.33
8015	0.79
8016	1.19
8017	0.66
8018	0.87
8019	1.42
8020	1.08
8021	0.4
8022	0.68
8023	0.43
8024	0.34
8025	0.33
8026	0.61
8027	0.65
8028	0.26
8029	0.17
8030	0.26
8031	0.59
8032	0.37
8033	0.2
8034	1.39
8035	0.27
8036	1.4
8037	1.02
8038	0.95
8039	0.48
8040	0.17
8041	1.34
8042	0.5
8043	0.99
8044	0.22
8045	0.89
8046	0.84
8047	1.02
8048	1.24
8049	1.33
8050	0.94
8051	1.36
8052	0.72
8053	1.41
8054	0.99
8055	1.36
8056	0.38
8057	0.97
8058	1.18
8059	1.38
8060	0.75
8061	0.33
8062	0.14
8063	0.65
8064	0.11
8065	1.24
8066	0.09
8067	0.27
8068	0.3
8069	0.62
8070	0.51
8071	0.71
8072	0.52
8073	0.26
8074	0.28
8075	0.69
8076	0.25
8077	0.96
8078	1.29
8079	0.23
8080	0.39
8081	0.35
8082	1.19
8083	0.27
8084	1.1
8085	0.23
8086	1.0
8087	1.26
8088	0.55
8089	0.72
8090	0.39
8091	0.24
8092	1.09
8093	1.3
8094	0.46
8095	0.79
8096	0.1
8097	1.34
8098	0.85
8099	0.97
8100	1.23
8101	1.18
8102	0.31
8103	0.14
8104	1.17
8105	0.81
8106	0.35
8107	0.1
8108	0.56
8109	0.02
8110	0.03
8111	0.35
8112	1.24
8113	1.15
8114	0.37
8115	0.27
8116	0.57
8117	1.4
8118	0.9
8119	0.25
8120	0.36
8121	1.17
8122	0.83
8123	0.46
8124	1.28
8125	0.29
8126	0.41
8127	1.06
8128	1.14
8129	1.23
8130	1.08
8131	0.38
8132	1.3
8133	0.07
8134	1.24
8135	0.46
8136	0.4
8137	0.28
8138	0.76
8139	1.35
8140	0.71
8141	1.06
8142	1.15
8143	0.1
8144	0.35
8145	0.91
8146	1.06
8147	0.91
8148	0.61
8149	1.36
8150	1.01
8151	1.43
8152	1.18
8153	0.54
8154	1.03
8155	1.01
8156	0.2
8157	0.45
8158	1.05
8159	0.32
8160	1.36
8161	0.91
8162	1.01
8163	0.18
8164	0.22
8165	0.78
8166	1.04
8167	1.01
8168	0.87
8169	0.05
8170	0.09
8171	1.07
8172	0.45
8173	1.01
8174	1.18
8175	0.96
8176	0.7
8177	0.07
8178	0.44
8179	0.83
8180	0.13
8181	1.38
8182	1.11
8183	1.34
8184	1.0
8185	0.82
8186	0.27
8187	0.41
8188	0.63
8189	1.03
8190	1.28
8191	0.71
8192	0.81
8193	0.65
8194	0.94
8195	0.98
8196	0.98
8197	1.06
8198	0.18
8199	0.28
8200	0.74
8201	1.38
8202	0.39
8203	1.44
8204	1.32
8205	0.8
8206	0.99
8207	1.34
8208	0.45
8209	0.94
8210	0.98
8211	1.43
8212	0.3
8213	0.56
8214	1.18
8215	0.45
8216	0.03
8217	0.6
8218	0.4
8219	1.1
8220	0.76
8221	0.68
8222	0.56
8223	0.34
8224	0.59
8225	0.38
8226	0.51
8227	0.67
8228	0.53
8229	0.83
8230	0.79
8231	0.09
8232	1.38
8233	0.01
8234	0.89
8235	0.8
8236	0.3
8237	1.07
8238	0.01
8239	0.12
8240	0.55
8241	1.21
8242	0.78
8243	1.23
8244	0.42
8245	1.2
8246	0.38
8247	0.83
8248	0.78
8249	1.18
8250	1.0
8251	0.85
8252	0.24
8253	0.19
8254	1.05
8255	0.39
8256	0.52
8257	0.13
8258	0.8
8259	0.7
8260	0.36
8261	0.06
8262	1.19
8263	1.15
8264	0.92
8265	0.98
8266	0.28
8267	1.33
8268	0.63
8269	0.11
8270	1.21
8271	1.28
8272	0.64
8273	1.13
8274	1.35
8275	0.01
8276	0.34
8277	1.29
8278	0.36
8279	0.66
8280	1.4
8281	0.47
8282	1.06
8283	0.1
8284	0.02
8285	0.72
8286	0.08
8287	1.11
8288	0.06
8289	0.56
8290	0.48
8291	0.37
8292	0.52
8293	1.39
8294	0.11
8295	1.15
8296	0.33
8297	0.38
